9.9999753006	0.0000323522	0.0000323522
9.7979872159	-0.0000153729	-0.0000153729
9.5959227844	0.0000048416	0.0000048416
9.3939346997	0.0000192950	0.0000192950
9.1918957172	-0.0000574204	-0.0000574204
8.9899076325	0.0000053816	0.0000053816
8.7878432011	0.0000071737	0.0000071737
8.5858551164	0.0000167413	0.0000167413
8.3838161339	-0.0000028846	-0.0000028846
8.1818280492	-0.0000127120	-0.0000127120
7.9797636177	-0.0000427085	-0.0000427085
7.7777755330	-0.0000083471	-0.0000083471
7.5757619994	0.0000322845	0.0000322845
7.3737484658	-0.0000377945	-0.0000377945
7.1716840344	-0.0000108475	-0.0000108475
6.9696959497	0.0001044042	0.0001044042
6.7676824161	0.0000331171	0.0000331171
6.5656688825	0.0000313361	0.0000313361
6.3636044510	0.0000691181	0.0000691181
6.1616163664	0.0000607671	0.0000607671
5.9596028327	0.0000288541	0.0000288541
5.7575638502	-0.0000101215	-0.0000101215
5.5555248677	0.0000122074	0.0000122074
5.3535367830	0.0000341930	0.0000341930
5.1515232494	0.0000335926	0.0000335926
4.9494842669	-0.0000236337	-0.0000236337
4.7474707333	0.0000286555	0.0000286555
4.5454571997	-0.0000086693	-0.0000086693
4.3434436661	-0.0000470570	-0.0000470570
4.1414046835	-0.0000595150	-0.0000595150
3.9393911499	-0.0000286951	-0.0000286951
3.7373776163	0.0000340411	0.0000340411
3.5353640827	0.0000265734	0.0000265734
3.3333251002	-0.0000103694	-0.0000103694
3.1313115666	0.0000070961	0.0000070961
2.9292980330	-0.0000039914	-0.0000039914
2.7272844994	0.0000060622	0.0000060622
2.5252455168	0.0000480295	0.0000480295
2.3232319832	0.0000287371	0.0000287371
2.1211930007	-0.0000091488	-0.0000091488
1.9191794671	-0.0000158115	-0.0000158115
1.7171659335	0.0000027667	0.0000027667
1.5151523999	-0.0000426960	-0.0000426960
1.3131134174	-0.0000574026	-0.0000574026
1.1110998838	-0.0000632459	-0.0000632459
0.9090863501	-0.0000589935	-0.0000589935
0.7070728165	-0.0001137575	-0.0001137575
0.5050592829	-0.0001440033	-0.0001440033
0.3030203004	-0.0000717600	-0.0000717600
0.1010067668	-0.0000487274	-0.0000487274
-0.1010067668	-0.0000780453	-0.0000780453
-0.3030203004	-0.0000503098	-0.0000503098
-0.5050592829	-0.0001005215	-0.0001005215
-0.7070728165	-0.0001365428	-0.0001365428
-0.9090863501	-0.0001541530	-0.0001541530
-1.1110744348	-0.0000705624	-0.0000705624
-1.3131388663	-0.0000092067	-0.0000092067
-1.5151523999	-0.0000097006	-0.0000097006
-1.7171659335	-0.0000971227	-0.0000971227
-1.9191540182	-0.0001161935	-0.0001161935
-2.1212184496	-0.0000183376	-0.0000183376
-2.3232319832	-0.0001357503	-0.0001357503
-2.5252455168	-0.0000593394	-0.0000593394
-2.7272844994	-0.0000198923	-0.0000198923
-2.9292980330	-0.0000973009	-0.0000973009
-3.1313115666	-0.0000901120	-0.0000901120
-3.3333251002	-0.0000545023	-0.0000545023
-3.5353640827	-0.0001391965	-0.0001391965
-3.7373776163	-0.0000826180	-0.0000826180
-3.9393657010	-0.0000839511	-0.0000839511
-4.1414046835	-0.0000776691	-0.0000776691
-4.3434436661	-0.0000893965	-0.0000893965
-4.5454571997	-0.0001522813	-0.0001522813
-4.7474452843	-0.0000293429	-0.0000293429
-4.9494842669	-0.0000780295	-0.0000780295
-5.1515232494	-0.0000617221	-0.0000617221
-5.3535367830	-0.0001248003	-0.0001248003
-5.5555248677	-0.0000282097	-0.0000282097
-5.7575638502	-0.0000694457	-0.0000694457
-5.9596028327	-0.0000476864	-0.0000476864
-6.1616163664	-0.0000819399	-0.0000819399
-6.3636553489	-0.0000892031	-0.0000892031
-6.5656688825	-0.0001508969	-0.0001508969
-6.7676569672	-0.0000253529	-0.0000253529
-6.9696959497	-0.0000817893	-0.0000817893
-7.1717349322	-0.0000876511	-0.0000876511
-7.3737484658	-0.0000529365	-0.0000529365
-7.5757365505	-0.0000680245	-0.0000680245
-7.7777755330	-0.0000575638	-0.0000575638
-7.9798145156	-0.0000826298	-0.0000826298
-8.1818280492	0.0000000986	0.0000000986
-8.3838161339	-0.0000327279	-0.0000327279
-8.5858551164	-0.0000774001	-0.0000774001
-8.7878940989	-0.0000584430	-0.0000584430
-8.9899076325	-0.0000106318	-0.0000106318
-9.1918957172	-0.0000953187	-0.0000953187
-9.3939346997	-0.0000747339	-0.0000747339
-9.5959482333	-0.0000273844	-0.0000273844
-9.7979872159	-0.0000763669	-0.0000763669
-10.0000261984	-0.0000659904	-0.0000659904
-10.3797495462	-0.0000666901	-0.0000666901
-10.7594983429	-0.0000851105	-0.0000851105
-11.1392471397	-0.0000695055	-0.0000695055
-11.5189959364	-0.0001308810	-0.0001308810
-11.8987701821	-0.0000693970	-0.0000693970
-12.2784680810	-0.0000394682	-0.0000394682
-12.6581914288	-0.0000582721	-0.0000582721
-13.0379656744	-0.0000193688	-0.0000193688
-13.4177144712	-0.0000198614	-0.0000198614
-13.7974632679	-0.0000735041	-0.0000735041
-14.1772120646	-0.0000873347	-0.0000873347
-14.5569354124	-0.0000464013	-0.0000464013
-14.9367096581	-0.0000500020	-0.0000500020
-15.3164584548	-0.0000449255	-0.0000449255
-15.6962072516	-0.0000261789	-0.0000261789
-16.0759560483	-0.0000468906	-0.0000468906
-16.4557302939	0.0000252416	0.0000252416
-16.8354536418	-0.0000419055	-0.0000419055
-17.2152024385	-0.0000805733	-0.0000805733
-17.5949257863	-0.0000623660	-0.0000623660
-17.9746745830	-0.0000733246	-0.0000733246
-18.3544233798	-0.0000541512	-0.0000541512
-18.7341721765	-0.0000220560	-0.0000220560
-19.1138955243	-0.0000038079	-0.0000038079
-19.4936697700	-0.0000454043	-0.0000454043
-19.8734185667	-0.0000664790	-0.0000664790
-20.2531673634	-0.0000166270	-0.0000166270
-20.6329161602	-0.0000207927	-0.0000207927
-21.0126904058	-0.0000314448	-0.0000314448
-21.3924137536	-0.0000917470	-0.0000917470
-21.7721625504	-0.0000034416	-0.0000034416
-22.1519113471	0.0000090756	0.0000090756
-22.5316346949	-0.0000096137	-0.0000096137
-22.9113834917	-0.0000127034	-0.0000127034
-23.2911322884	-0.0000407494	-0.0000407494
-23.6708556362	-0.0000464565	-0.0000464565
-24.0506298819	-0.0000871742	-0.0000871742
-24.4303786786	-0.0000667079	-0.0000667079
-24.8101274753	-0.0000407757	-0.0000407757
-25.1898762721	-0.0000576216	-0.0000576216
-25.5696505177	-0.0000316822	-0.0000316822
-25.9493738655	-0.0000579353	-0.0000579353
-26.3291226623	0.0000399988	0.0000399988
-26.7088714590	0.0000002268	0.0000002268
-27.0886202557	-0.0000832605	-0.0000832605
-27.4683436035	-0.0000355966	-0.0000355966
-27.8481178492	-0.0000762913	-0.0000762913
-28.2278157481	-0.0000709208	-0.0000709208
-28.6075899937	0.0000105501	0.0000105501
-28.9873387905	-0.0000127679	-0.0000127679
-29.3670875872	-0.0000649822	-0.0000649822
-29.7468363839	-0.0000687690	-0.0000687690
-30.1265597318	-0.0000233292	-0.0000233292
-30.5063339774	-0.0000756501	-0.0000756501
-30.8860827741	-0.0000232845	-0.0000232845
-31.2658315709	-0.0000310015	-0.0000310015
-31.6455803676	-0.0000532567	-0.0000532567
-32.0253546133	-0.0000485663	-0.0000485663
-32.4050779611	-0.0000696825	-0.0000696825
-32.7848013089	-0.0000591809	-0.0000591809
-33.1645501056	-0.0000334691	-0.0000334691
-33.5442989024	-0.0000819583	-0.0000819583
-33.9240476991	-0.0000217127	-0.0000217127
-34.3037964958	-0.0000464434	-0.0000464434
-34.6835198436	-0.0000835348	-0.0000835348
-35.0632940893	-0.0000553100	-0.0000553100
-35.4430428860	-0.0000351448	-0.0000351448
-35.8227916828	-0.0000340050	-0.0000340050
-36.2025404795	-0.0000938653	-0.0000938653
-36.5822638273	-0.0000763906	-0.0000763906
-36.9620380730	-0.0000234332	-0.0000234332
-37.3417614208	-0.0000028537	-0.0000028537
-37.7215102175	-0.0000687236	-0.0000687236
-38.1012590142	-0.0000528062	-0.0000528062
-38.4810078110	-0.0000406408	-0.0000406408
-38.8607820566	-0.0000374972	-0.0000374972
-39.2404799555	-0.0000218331	-0.0000218331
-39.6202542012	-0.0000248024	-0.0000248024
-40.0000029979	-0.0000100504	-0.0000100504
-41.0169418746	-0.0000013213	-0.0000013213
-42.0339062001	-0.0000295001	-0.0000295001
-43.0508450768	-0.0000363457	-0.0000363457
-44.0677839535	-0.0000207229	-0.0000207229
-45.0847482790	-0.0000840227	-0.0000840227
-46.1016871557	-0.0000739790	-0.0000739790
-47.1186514813	-0.0000573079	-0.0000573079
-48.1355903579	-0.0000066352	-0.0000066352
-49.1525546835	-0.0000213938	-0.0000213938
-50.1694935602	-0.0000333106	-0.0000333106
-51.1864069879	-0.0000191965	-0.0000191965
-52.2033967624	-0.0000001053	-0.0000001053
-53.2203356391	-0.0000387330	-0.0000387330
-54.2372999646	-0.0000331389	-0.0000331389
-55.2542388413	-0.0000279605	-0.0000279605
-56.2711777179	-0.0000113230	-0.0000113230
-57.2881420435	-0.0000800899	-0.0000800899
-58.3050809202	-0.0000021578	-0.0000021578
-59.3220706947	0.0000222065	0.0000222065
-60.3389841224	-0.0000085266	-0.0000085266
-61.3559229991	-0.0000204165	-0.0000204165
-62.3729127736	-0.0000482342	-0.0000482342
-63.3898262013	-0.0000208407	-0.0000208407
-64.4067905269	-0.0000558801	-0.0000558801
-65.4237548525	-0.0000748023	-0.0000748023
-66.4406682802	-0.0000599438	-0.0000599438
-67.4576326058	-0.0000325674	-0.0000325674
-68.4745714824	-0.0000050220	-0.0000050220
-69.4915358080	0.0000004892	0.0000004892
-70.5084746847	0.0000057939	0.0000057939
-71.5254135613	-0.0000105022	-0.0000105022
-72.5423778869	-0.0000195464	-0.0000195464
-73.5593167636	0.0000116537	0.0000116537
-74.5762556402	-0.0000574888	-0.0000574888
-75.5932199658	-0.0000804201	-0.0000804201
-76.6101588424	-0.0000128461	-0.0000128461
-77.6271486169	-0.0000202251	-0.0000202251
-78.6440620447	-0.0000116887	-0.0000116887
-79.6610263703	-0.0000226078	-0.0000226078
-80.6779906958	0.0000682256	0.0000682256
-81.6949041236	-0.0000555007	-0.0000555007
-82.7118684492	-0.0000030523	-0.0000030523
-83.7288327747	0.0000095340	0.0000095340
-84.7457716514	-0.0000361063	-0.0000361063
-85.7627105280	-0.0000876103	-0.0000876103
-86.7796748536	0.0000197396	0.0000197396
-87.7966137303	-0.0000260677	-0.0000260677
-88.8135526069	-0.0000304655	-0.0000304655
-89.8304914836	-0.0000216009	-0.0000216009
-90.8474558092	0.0000073473	0.0000073473
-91.8643946858	-0.0000155465	-0.0000155465
-92.8813335625	-0.0000748799	-0.0000748799
-93.8982978881	-0.0000394893	-0.0000394893
-94.9152622136	0.0000163369	0.0000163369
-95.9321756414	-0.0000096828	-0.0000096828
-96.9491399670	0.0000110914	0.0000110914
-97.9661042925	-0.0000371263	-0.0000371263
-98.9830686181	0.0000342654	0.0000342654
-100.0000074948	0.0000207787	0.0000207787
-101.3422853754	-0.0000091244	-0.0000091244
-102.6845887050	-0.0000128402	-0.0000128402
-104.0268411367	0.0000196653	0.0000196653
-105.3691190173	0.0000032705	0.0000032705
-106.7113968980	-0.0000768996	-0.0000768996
-108.0537002275	0.0000445071	0.0000445071
-109.3960035571	-0.0000341300	-0.0000341300
-110.7382559888	-0.0000404212	-0.0000404212
-112.0805338695	-0.0000721599	-0.0000721599
-113.4228117501	-0.0000557144	-0.0000557144
-114.7651150797	0.0000067436	0.0000067436
-116.1074184092	-0.0000194944	-0.0000194944
-117.4496708409	-0.0000754186	-0.0000754186
-118.7919487216	-0.0000163416	-0.0000163416
-120.1342266022	-0.0000583806	-0.0000583806
-121.4765299318	0.0000043379	0.0000043379
-122.8187823635	-0.0000073685	-0.0000073685
-124.1610856931	-0.0000020993	-0.0000020993
-125.5033635737	0.0000478401	0.0000478401
-126.8456414543	-0.0000067016	-0.0000067016
-128.1879193350	0.0000217698	0.0000217698
-129.5301972156	0.0000317248	0.0000317248
-130.8724750963	0.0000143382	0.0000143382
-132.2147529769	-0.0000085135	-0.0000085135
-133.5570308575	0.0000114307	0.0000114307
-134.8993341871	-0.0000381779	-0.0000381779
-136.2416120677	0.0000075604	0.0000075604
-137.5838899484	-0.0000273193	-0.0000273193
-138.9261423801	-0.0000021342	-0.0000021342
-140.2684457097	-0.0000167717	-0.0000167717
-141.6107490392	-0.0000574210	-0.0000574210
-142.9530269199	-0.0000004026	-0.0000004026
-144.2953048005	-0.0000291752	-0.0000291752
-145.6375572322	-0.0000147632	-0.0000147632
-146.9798605618	-0.0000595321	-0.0000595321
-148.3221384424	0.0000282096	0.0000282096
-149.6644417720	0.0000093413	0.0000093413
-151.0067196526	-0.0000008590	-0.0000008590
-152.3489720844	0.0000114643	0.0000114643
-153.6912499650	-0.0000132763	-0.0000132763
-155.0335787435	0.0000058340	0.0000058340
-156.3758566241	-0.0000694398	-0.0000694398
-157.7181345048	-0.0000068825	-0.0000068825
-159.0604123854	0.0000502439	0.0000502439
-160.4026902660	0.0000044306	0.0000044306
-161.7449681467	0.0000415937	0.0000415937
-163.0872460273	0.0000611032	0.0000611032
-164.4295239080	0.0000252830	0.0000252830
-165.7718017886	0.0000233923	0.0000233923
-167.1140796692	-0.0000806654	-0.0000806654
-168.4563575499	-0.0000304313	-0.0000304313
-169.7986354305	-0.0000362490	-0.0000362490
-171.1409642090	0.0000062740	0.0000062740
-172.4832420896	-0.0000395366	-0.0000395366
-173.8255199703	0.0000016382	0.0000016382
-175.1677978509	-0.0000234397	-0.0000234397
-176.5100757316	-0.0000150158	-0.0000150158
-177.8523536122	0.0000090033	0.0000090033
-179.1946314928	-0.0000084707	-0.0000084707
-180.5369093735	-0.0000152459	-0.0000152459
-181.8791872541	-0.0000304405	-0.0000304405
-183.2214651348	0.0000152544	0.0000152544
-184.5637430154	-0.0000371237	-0.0000371237
-185.9060208960	-0.0000079170	-0.0000079170
-187.2482987767	-0.0000144653	-0.0000144653
-188.5906275552	0.0000351420	0.0000351420
-189.9329054358	0.0000152478	0.0000152478
-191.2751833165	-0.0000404817	-0.0000404817
-192.6174611971	0.0000179245	0.0000179245
-193.9597390777	-0.0000261269	-0.0000261269
-195.3020169584	0.0000226655	0.0000226655
-196.6442948390	-0.0000007577	-0.0000007577
-197.9865727197	0.0000512797	0.0000512797
-199.3288506003	0.0000048581	0.0000048581
-200.6711284809	0.0000261209	0.0000261209
-202.0134063616	-0.0000355755	-0.0000355755
-203.3556842422	0.0000020873	0.0000020873
-204.6979621229	-0.0000008096	-0.0000008096
-206.0402909013	0.0000019841	0.0000019841
-207.3825687820	0.0000036697	0.0000036697
-208.7248466626	0.0000020906	0.0000020906
-210.0671245433	-0.0000177944	-0.0000177944
-211.4094024239	-0.0000493522	-0.0000493522
-212.7516803045	0.0000610821	0.0000610821
-214.0939581852	0.0000143619	0.0000143619
-215.4362360658	-0.0000249300	-0.0000249300
-216.7785139465	-0.0000090797	-0.0000090797
-218.1207918271	0.0000074111	0.0000074111
-219.4630697077	0.0000157943	0.0000157943
-220.8053475884	0.0000110269	0.0000110269
-222.1476763669	0.0000039696	0.0000039696
-223.4899542475	0.0000009213	0.0000009213
-224.8322321281	-0.0000262315	-0.0000262315
-226.1745100088	0.0000130650	0.0000130650
-227.5167878894	0.0000116774	0.0000116774
-228.8590657701	0.0000223019	0.0000223019
-230.2013436507	0.0000477678	0.0000477678
-231.5436215314	0.0000396943	0.0000396943
-232.8858994120	-0.0000100721	-0.0000100721
-234.2281772926	0.0000657094	0.0000657094
-235.5704551733	-0.0000047911	-0.0000047911
-236.9127330539	-0.0000445033	-0.0000445033
-238.2550109346	-0.0000329068	-0.0000329068
-239.5973397130	0.0000365244	0.0000365244
-240.9396175937	0.0000007950	0.0000007950
-242.2818954743	0.0000060550	0.0000060550
-243.6241733550	-0.0000016561	-0.0000016561
-244.9664512356	0.0000057466	0.0000057466
-246.3087291162	0.0000465018	0.0000465018
-247.6510069969	-0.0000841878	-0.0000841878
-248.9932848775	0.0000338214	0.0000338214
-250.3355627582	-0.0000021184	-0.0000021184
-251.6778406388	-0.0000132789	-0.0000132789
-253.0201185194	-0.0000110396	-0.0000110396
-254.3623964001	0.0000659455	0.0000659455
-255.7046742807	0.0000055927	0.0000055927
-257.0470030592	-0.0000195556	-0.0000195556
-258.3892809398	-0.0000126830	-0.0000126830
-259.7315588205	0.0000379857	0.0000379857
-261.0738367011	-0.0000111237	-0.0000111237
-262.4161145818	0.0000543687	0.0000543687
-263.7583924624	0.0000610321	0.0000610321
-265.1006703430	-0.0000194280	-0.0000194280
-266.4429482237	0.0000482025	0.0000482025
-267.7852261043	0.0000096169	0.0000096169
-269.1275039850	-0.0000027037	-0.0000027037
-270.4697818656	0.0000090224	0.0000090224
-271.8120597462	0.0000744168	0.0000744168
-273.1543376269	-0.0000290989	-0.0000290989
-274.4966664054	-0.0000130046	-0.0000130046
-275.8389442860	0.0000347034	0.0000347034
-277.1812221667	0.0000059879	0.0000059879
-278.5235000473	0.0000441809	0.0000441809
-279.8657270301	0.0000678494	0.0000678494
-281.2081067064	-0.0000180068	-0.0000180068
-282.5503336892	-0.0000076598	-0.0000076598
-283.8926115699	0.0000370841	0.0000370841
-285.2348894505	0.0000150281	0.0000150281
-286.5771673311	0.0000408965	0.0000408965
-287.9194452118	-0.0000271680	-0.0000271680
-289.2617230924	0.0000394569	0.0000394569
-290.6040518709	-0.0000222671	-0.0000222671
-291.9463297515	-0.0000533028	-0.0000533028
-293.2886585300	-0.0000053613	-0.0000053613
-294.6308855128	0.0000251048	0.0000251048
-295.9731633935	-0.0000075849	-0.0000075849
-297.3154412741	0.0000483123	0.0000483123
-298.6577191547	-0.0000038987	-0.0000038987
-299.9999970354	0.0000260689	1.2692576333
