-35.0000000000	-30.0000000000	-0.0000729184	0.1358127719
-34.7916666667	-30.0000000000	-0.0000909317	0.1360166466
-34.5833333333	-30.0000000000	-0.0001681739	0.1395811655
-34.3750000000	-30.0000000000	-0.0001141603	0.1387656667
-34.1666666667	-30.0000000000	-0.0000705180	0.1415212634
-33.9583333333	-30.0000000000	-0.0001458332	0.1410872076
-33.7500000000	-30.0000000000	-0.0000976201	0.1433692889
-33.5416666667	-30.0000000000	-0.0000243897	0.1438493809
-33.3333333333	-30.0000000000	-0.0000018845	0.1442702835
-33.1250000000	-30.0000000000	0.0000117619	0.1466378607
-32.9166666667	-30.0000000000	0.0000641183	0.1476703873
-32.7083333333	-30.0000000000	-0.0000265961	0.1481702092
-32.5000000000	-30.0000000000	0.0000850516	0.1508666165
-32.2916666667	-30.0000000000	-0.0001542118	0.1516426556
-32.0833333333	-30.0000000000	-0.0000922569	0.1537997814
-31.8750000000	-30.0000000000	-0.0000149555	0.1554570854
-31.6666666667	-30.0000000000	-0.0000052879	0.1579693478
-31.4583333333	-30.0000000000	-0.0001129995	0.1559897903
-31.2500000000	-30.0000000000	0.0000375455	0.1589492617
-31.0416666667	-30.0000000000	0.0000339843	0.1581206097
-30.8333333333	-30.0000000000	0.0000822237	0.1619613459
-30.6250000000	-30.0000000000	-0.0000795180	0.1632174771
-30.4166666667	-30.0000000000	-0.0001099644	0.1632372069
-30.2083333333	-30.0000000000	0.0000088715	0.1649273939
-30.0000000000	-30.0000000000	-0.0001469808	0.1627834213
-30.0000000000	-29.7959183673	-0.0001086425	0.1645591042
-30.2083333333	-29.7959183673	-0.0000618105	0.1626255828
-30.4166666667	-29.7959183673	-0.0000460661	0.1623427889
-30.6250000000	-29.7959183673	-0.0000710178	0.1610669279
-30.8333333333	-29.7959183673	-0.0001055680	0.1591399832
-31.0416666667	-29.7959183673	-0.0000952920	0.1592123258
-31.2500000000	-29.7959183673	0.0000997799	0.1571209660
-31.4583333333	-29.7959183673	-0.0001783841	0.1557464560
-31.6666666667	-29.7959183673	-0.0000742535	0.1534709513
-31.8750000000	-29.7959183673	-0.0000441030	0.1535827535
-32.0833333333	-29.7959183673	0.0000555358	0.1523003159
-32.2916666667	-29.7959183673	0.0000031630	0.1495184128
-32.5000000000	-29.7959183673	0.0000047907	0.1488212929
-32.7083333333	-29.7959183673	-0.0000863544	0.1491632762
-32.9166666667	-29.7959183673	-0.0000544908	0.1467430863
-33.1250000000	-29.7959183673	-0.0000107925	0.1448358714
-33.3333333333	-29.7959183673	-0.0000774661	0.1448621778
-33.5416666667	-29.7959183673	-0.0000564177	0.1436783893
-33.7500000000	-29.7959183673	-0.0001329168	0.1435205508
-33.9583333333	-29.7959183673	-0.0000816686	0.1412713525
-34.1666666667	-29.7959183673	0.0001544019	0.1395680123
-34.3750000000	-29.7959183673	-0.0000035024	0.1396732380
-34.5833333333	-29.7959183673	-0.0000454315	0.1362731342
-34.7916666667	-29.7959183673	-0.0000075042	0.1362139447
-35.0000000000	-29.7959183673	0.0000468349	0.1347539388
-35.0000000000	-29.5918367347	0.0000350924	0.1348394347
-34.7916666667	-29.5918367347	0.0000331984	0.1380488170
-34.5833333333	-29.5918367347	-0.0000065999	0.1387459369
-34.3750000000	-29.5918367347	-0.0000487066	0.1402717088
-34.1666666667	-29.5918367347	0.0000250763	0.1413765782
-33.9583333333	-29.5918367347	-0.0000961766	0.1434745146
-33.7500000000	-29.5918367347	0.0000090589	0.1434810912
-33.5416666667	-29.5918367347	-0.0001005204	0.1458355151
-33.3333333333	-29.5918367347	-0.0000857362	0.1468220055
-33.1250000000	-29.5918367347	-0.0000777160	0.1461709218
-32.9166666667	-29.5918367347	0.0000361250	0.1491698529
-32.7083333333	-29.5918367347	-0.0001260311	0.1492290423
-32.5000000000	-29.5918367347	-0.0001108654	0.1509586889
-32.2916666667	-29.5918367347	-0.0000689231	0.1513204021
-32.0833333333	-29.5918367347	-0.0001381649	0.1537734750
-31.8750000000	-29.5918367347	-0.0001078599	0.1570880830
-31.6666666667	-29.5918367347	-0.0000167740	0.1568513253
-31.4583333333	-29.5918367347	-0.0000269841	0.1575024090
-31.2500000000	-29.5918367347	0.0000001740	0.1566342974
-31.0416666667	-29.5918367347	0.0000369832	0.1588703425
-30.8333333333	-29.5918367347	-0.0000283126	0.1594622367
-30.6250000000	-29.5918367347	-0.0000307459	0.1613497218
-30.4166666667	-29.5918367347	-0.0000922010	0.1640724355
-30.2083333333	-29.5918367347	-0.0000197827	0.1660191101
-30.0000000000	-29.5918367347	0.0000663083	0.1672357816
-30.0000000000	-29.3877551020	-0.0001245513	0.1667228066
-30.2083333333	-29.3877551020	-0.0000804223	0.1659862271
-30.4166666667	-29.3877551020	0.0000194631	0.1643354997
-30.6250000000	-29.3877551020	-0.0000528006	0.1614220645
-30.8333333333	-29.3877551020	-0.0000699425	0.1596989945
-31.0416666667	-29.3877551020	-0.0000174481	0.1582455652
-31.2500000000	-29.3877551020	-0.0001158768	0.1568842083
-31.4583333333	-29.3877551020	-0.0000575653	0.1572919577
-31.6666666667	-29.3877551020	-0.0000253959	0.1553715896
-31.8750000000	-29.3877551020	-0.0000973636	0.1546876229
-32.0833333333	-29.3877551020	0.0000070235	0.1541154584
-32.2916666667	-29.3877551020	0.0000338001	0.1515242768
-32.5000000000	-29.3877551020	-0.0000684332	0.1498012068
-32.7083333333	-29.3877551020	0.0001052253	0.1483346243
-32.9166666667	-29.3877551020	-0.0000795279	0.1472231783
-33.1250000000	-29.3877551020	-0.0000134791	0.1452304676
-33.3333333333	-29.3877551020	0.0000453190	0.1477032704
-33.5416666667	-29.3877551020	0.0000179341	0.1436718127
-33.7500000000	-29.3877551020	-0.0000646253	0.1437704617
-33.9583333333	-29.3877551020	-0.0001504796	0.1398047700
-34.1666666667	-29.3877551020	-0.0000436690	0.1385815218
-34.3750000000	-29.3877551020	-0.0000249914	0.1362205213
-34.5833333333	-29.3877551020	-0.0000038016	0.1358653848
-34.7916666667	-29.3877551020	-0.0001199345	0.1366216941
-35.0000000000	-29.3877551020	-0.0000782553	0.1317615844
-35.0000000000	-29.1836734694	-0.0000345505	0.1296044586
-34.7916666667	-29.1836734694	0.0000029197	0.1368321454
-34.5833333333	-29.1836734694	0.0000598040	0.1376147612
-34.3750000000	-29.1836734694	-0.0001828825	0.1338660974
-34.1666666667	-29.1836734694	-0.0001125096	0.1367992624
-33.9583333333	-29.1836734694	-0.0000284639	0.1430470354
-33.7500000000	-29.1836734694	-0.0000079482	0.1452633506
-33.5416666667	-29.1836734694	-0.0002803379	0.1461380388
-33.3333333333	-29.1836734694	-0.0000493183	0.1474730892
-33.1250000000	-29.1836734694	0.0000409423	0.1476638107
-32.9166666667	-29.1836734694	-0.0000066822	0.1497222875
-32.7083333333	-29.1836734694	0.0000153528	0.1502549924
-32.5000000000	-29.1836734694	-0.0001217661	0.1506693184
-32.2916666667	-29.1836734694	0.0000012920	0.1518991431
-32.0833333333	-29.1836734694	-0.0001613803	0.1528987868
-31.8750000000	-29.1836734694	-0.0000361914	0.1532999596
-31.6666666667	-29.1836734694	-0.0000972913	0.1563975397
-31.4583333333	-29.1836734694	-0.0000306045	0.1572985343
-31.2500000000	-29.1836734694	-0.0000975741	0.1569631276
-31.0416666667	-29.1836734694	0.0000586104	0.1602974653
-30.8333333333	-29.1836734694	-0.0001033286	0.1602645823
-30.6250000000	-29.1836734694	-0.0000556713	0.1635726137
-30.4166666667	-29.1836734694	0.0000042580	0.1643486529
-30.2083333333	-29.1836734694	-0.0000816883	0.1662624444
-30.0000000000	-29.1836734694	0.0000572753	0.1658546950
-30.0000000000	-28.9795918367	0.0000295122	0.1673607371
-30.2083333333	-28.9795918367	-0.0000919051	0.1672423583
-30.4166666667	-28.9795918367	-0.0001611994	0.1660585697
-30.6250000000	-28.9795918367	-0.0001075048	0.1654732520
-30.8333333333	-28.9795918367	-0.0000881531	0.1655061350
-31.0416666667	-28.9795918367	-0.0000463621	0.1654929818
-31.2500000000	-28.9795918367	0.0000312879	0.1627899979
-31.4583333333	-28.9795918367	0.0000828188	0.1609419724
-31.6666666667	-28.9795918367	-0.0001310950	0.1595477326
-31.8750000000	-28.9795918367	-0.0001420549	0.1592320556
-32.0833333333	-28.9795918367	-0.0000604426	0.1568842083
-32.2916666667	-28.9795918367	-0.0000682523	0.1557004198
-32.5000000000	-28.9795918367	-0.0000525803	0.1532736532
-32.7083333333	-28.9795918367	-0.0000748552	0.1522213967
-32.9166666667	-28.9795918367	-0.0001258732	0.1514650873
-33.1250000000	-28.9795918367	-0.0001009019	0.1479137217
-33.3333333333	-28.9795918367	-0.0000380262	0.1459078577
-33.5416666667	-28.9795918367	-0.0000670784	0.1432837931
-33.7500000000	-28.9795918367	-0.0001558691	0.1479597579
-33.9583333333	-28.9795918367	-0.0001083762	0.1437770383
-34.1666666667	-28.9795918367	-0.0001101551	0.1257045330
-34.3750000000	-28.9795918367	-0.0000693013	0.1200881140
-34.5833333333	-28.9795918367	-0.0000948218	0.1432640633
-34.7916666667	-28.9795918367	-0.0002533705	0.1512546360
-35.0000000000	-28.9795918367	-0.0001376256	0.1272500347
-35.0000000000	-28.7755102041	-0.0001038679	0.1232646133
-34.7916666667	-28.7755102041	-0.0005651738	0.1610800811
-34.5833333333	-28.7755102041	-0.0005486074	0.1584297100
-34.3750000000	-28.7755102041	-0.0001135717	0.1170957596
-34.1666666667	-28.7755102041	-0.0001198326	0.1133339426
-33.9583333333	-28.7755102041	-0.0000799356	0.1398047700
-33.7500000000	-28.7755102041	-0.0000325216	0.1500116581
-33.5416666667	-28.7755102041	-0.0000831450	0.1449608269
-33.3333333333	-28.7755102041	-0.0000798995	0.1453159634
-33.1250000000	-28.7755102041	-0.0000508276	0.1451120887
-32.9166666667	-28.7755102041	-0.0001189546	0.1478611088
-32.7083333333	-28.7755102041	-0.0000014307	0.1493276913
-32.5000000000	-28.7755102041	-0.0000704653	0.1509389591
-32.2916666667	-28.7755102041	-0.0000898301	0.1522016669
-32.0833333333	-28.7755102041	0.0000451579	0.1500971539
-31.8750000000	-28.7755102041	-0.0001069753	0.1515768896
-31.6666666667	-28.7755102041	-0.0001779796	0.1539444667
-31.4583333333	-28.7755102041	-0.0001524262	0.1560226733
-31.2500000000	-28.7755102041	0.0000885602	0.1579496180
-31.0416666667	-28.7755102041	-0.0001070378	0.1612905324
-30.8333333333	-28.7755102041	-0.0001084978	0.1614746773
-30.6250000000	-28.7755102041	-0.0000191119	0.1643354997
-30.4166666667	-28.7755102041	-0.0000496899	0.1646314468
-30.2083333333	-28.7755102041	-0.0001198556	0.1660914527
-30.0000000000	-28.7755102041	-0.0001370436	0.1672094752
-30.0000000000	-28.5714285714	-0.0000450731	0.1670187537
-30.2083333333	-28.5714285714	-0.0000153403	0.1661177591
-30.4166666667	-28.5714285714	-0.0000761936	0.1669398345
-30.6250000000	-28.5714285714	-0.0000276451	0.1630201790
-30.8333333333	-28.5714285714	0.0000635691	0.1638225246
-31.0416666667	-28.5714285714	-0.0000862656	0.1622835995
-31.2500000000	-28.5714285714	-0.0001060744	0.1630727919
-31.4583333333	-28.5714285714	-0.0000397427	0.1608235936
-31.6666666667	-28.5714285714	-0.0002143778	0.1593701643
-31.8750000000	-28.5714285714	0.0000252505	0.1588703425
-32.0833333333	-28.5714285714	-0.0001275174	0.1585217825
-32.2916666667	-28.5714285714	-0.0000557568	0.1555294281
-32.5000000000	-28.5714285714	-0.0001490689	0.1546284334
-32.7083333333	-28.5714285714	-0.0000261818	0.1543785225
-32.9166666667	-28.5714285714	-0.0000486442	0.1511428338
-33.1250000000	-28.5714285714	-0.0000108747	0.1435863168
-33.3333333333	-28.5714285714	-0.0000713104	0.1432048738
-33.5416666667	-28.5714285714	-0.0002047727	0.1487818333
-33.7500000000	-28.5714285714	-0.0000332714	0.1519649092
-33.9583333333	-28.5714285714	-0.0000343795	0.1273684136
-34.1666666667	-28.5714285714	0.0000778798	0.0979052319
-34.3750000000	-28.5714285714	-0.0000579501	0.1187399103
-34.5833333333	-28.5714285714	-0.0008636825	0.1712803926
-34.7916666667	-28.5714285714	-0.0007630473	0.1546941995
-35.0000000000	-28.5714285714	-0.0001761612	0.1126631291
-35.0000000000	-28.3673469388	-0.0000497753	0.1107230312
-34.7916666667	-28.3673469388	-0.0003093538	0.1333268160
-34.5833333333	-28.3673469388	-0.0009743141	0.1735427441
-34.3750000000	-28.3673469388	-0.0005462496	0.1381737725
-34.1666666667	-28.3673469388	-0.0001420319	0.0879811379
-33.9583333333	-28.3673469388	-0.0000448758	0.1002070429
-33.7500000000	-28.3673469388	-0.0002108594	0.1567526763
-33.5416666667	-28.3673469388	-0.0002114710	0.1779359150
-33.3333333333	-28.3673469388	-0.0001938654	0.1435600104
-33.1250000000	-28.3673469388	-0.0000890508	0.1283549040
-32.9166666667	-28.3673469388	0.0001068728	0.1462695709
-32.7083333333	-28.3673469388	-0.0000555003	0.1571933087
-32.5000000000	-28.3673469388	-0.0000487954	0.1556741133
-32.2916666667	-28.3673469388	-0.0000110063	0.1557201496
-32.0833333333	-28.3673469388	-0.0000396507	0.1587914232
-31.8750000000	-28.3673469388	0.0000075266	0.1586533146
-31.6666666667	-28.3673469388	-0.0000511992	0.1609353958
-31.4583333333	-28.3673469388	-0.0000542507	0.1605736827
-31.2500000000	-28.3673469388	0.0000081218	0.1637830650
-31.0416666667	-28.3673469388	-0.0001897978	0.1632240537
-30.8333333333	-28.3673469388	-0.0000730730	0.1644867615
-30.6250000000	-28.3673469388	-0.0001110200	0.1652430709
-30.4166666667	-28.3673469388	-0.0000656644	0.1677421801
-30.2083333333	-28.3673469388	-0.0000716590	0.1700176848
-30.0000000000	-28.3673469388	-0.0000325183	0.1720827382
-30.0000000000	-28.1632653061	-0.0000688738	0.1715434567
-30.2083333333	-28.1632653061	0.0000122979	0.1703859746
-30.4166666667	-28.1632653061	-0.0000905437	0.1689983113
-30.6250000000	-28.1632653061	-0.0000856935	0.1664005530
-30.8333333333	-28.1632653061	0.0000145767	0.1672292050
-31.0416666667	-28.1632653061	-0.0001398025	0.1654995584
-31.2500000000	-28.1632653061	-0.0000499759	0.1645591042
-31.4583333333	-28.1632653061	0.0000121236	0.1635923435
-31.6666666667	-28.1632653061	-0.0000745231	0.1601988163
-31.8750000000	-28.1632653061	-0.0000961108	0.1605934125
-32.0833333333	-28.1632653061	-0.0000487165	0.1585546655
-32.2916666667	-28.1632653061	-0.0001090207	0.1568907849
-32.5000000000	-28.1632653061	-0.0000735202	0.1597121477
-32.7083333333	-28.1632653061	-0.0000362769	0.1631319813
-32.9166666667	-28.1632653061	-0.0000897874	0.1416988317
-33.1250000000	-28.1632653061	0.0000197887	0.1163986396
-33.3333333333	-28.1632653061	-0.0003246773	0.1568447487
-33.5416666667	-28.1632653061	-0.0012465987	0.2188555400
-33.7500000000	-28.1632653061	-0.0012074712	0.1709252560
-33.9583333333	-28.1632653061	-0.0003312112	0.0892306925
-34.1666666667	-28.1632653061	-0.0001186455	0.0925058408
-34.3750000000	-28.1632653061	-0.0005079048	0.1551545617
-34.5833333333	-28.1632653061	-0.0008718868	0.1693534479
-34.7916666667	-28.1632653061	-0.0003652024	0.1210680278
-35.0000000000	-28.1632653061	-0.0000659998	0.1228568639
-35.0000000000	-27.9591836735	-0.0000872653	0.1391734161
-34.7916666667	-27.9591836735	-0.0000019930	0.1146163802
-34.5833333333	-27.9591836735	-0.0004390872	0.1495578724
-34.3750000000	-27.9591836735	-0.0010292321	0.1778306893
-34.1666666667	-27.9591836735	-0.0004947318	0.1266712937
-33.9583333333	-27.9591836735	-0.0001314173	0.0736309901
-33.7500000000	-27.9591836735	-0.0006885016	0.1431062248
-33.5416666667	-27.9591836735	-0.0018196118	0.2379539958
-33.3333333333	-27.9591836735	-0.0011483113	0.1919572329
-33.1250000000	-27.9591836735	-0.0002207506	0.1138140346
-32.9166666667	-27.9591836735	-0.0000326992	0.1261188590
-32.7083333333	-27.9591836735	0.0000212585	0.1644341487
-32.5000000000	-27.9591836735	-0.0000944995	0.1627242319
-32.2916666667	-27.9591836735	-0.0002643534	0.1558122220
-32.0833333333	-27.9591836735	-0.0001494438	0.1594162005
-31.8750000000	-27.9591836735	-0.0000880216	0.1615601731
-31.6666666667	-27.9591836735	-0.0001368200	0.1623164825
-31.4583333333	-27.9591836735	-0.0000586702	0.1638685608
-31.2500000000	-27.9591836735	0.0000043600	0.1619087331
-31.0416666667	-27.9591836735	-0.0001850462	0.1660651463
-30.8333333333	-27.9591836735	-0.0001550010	0.1654995584
-30.6250000000	-27.9591836735	-0.0000839572	0.1659730738
-30.4166666667	-27.9591836735	-0.0000842466	0.1672160518
-30.2083333333	-27.9591836735	-0.0000264317	0.1706293089
-30.0000000000	-27.9591836735	-0.0000417486	0.1724444513
-30.0000000000	-27.7551020408	-0.0000726422	0.1713987714
-30.2083333333	-27.7551020408	-0.0001514036	0.1689456985
-30.4166666667	-27.7551020408	-0.0000602058	0.1708331836
-30.6250000000	-27.7551020408	0.0000015320	0.1693139882
-30.8333333333	-27.7551020408	-0.0000614291	0.1671371326
-31.0416666667	-27.7551020408	-0.0000192139	0.1640658589
-31.2500000000	-27.7551020408	-0.0000977550	0.1632503601
-31.4583333333	-27.7551020408	-0.0000515675	0.1601198971
-31.6666666667	-27.7551020408	-0.0000662267	0.1596200752
-31.8750000000	-27.7551020408	-0.0001625739	0.1608630532
-32.0833333333	-27.7551020408	-0.0000767460	0.1595871922
-32.2916666667	-27.7551020408	-0.0000126307	0.1584099802
-32.5000000000	-27.7551020408	-0.0000438761	0.1645591042
-32.7083333333	-27.7551020408	-0.0000892185	0.1571801555
-32.9166666667	-27.7551020408	-0.0000746283	0.1144848482
-33.1250000000	-27.7551020408	-0.0001587529	0.1267173299
-33.3333333333	-27.7551020408	-0.0011064118	0.2078528829
-33.5416666667	-27.7551020408	-0.0016248817	0.2149950739
-33.7500000000	-27.7551020408	-0.0006767327	0.1122290733
-33.9583333333	-27.7551020408	-0.0001998797	0.0801747101
-34.1666666667	-27.7551020408	-0.0005423826	0.1554833918
-34.3750000000	-27.7551020408	-0.0009462222	0.1813031358
-34.5833333333	-27.7551020408	-0.0004137410	0.1336819525
-34.7916666667	-27.7551020408	-0.0000540403	0.1220939779
-35.0000000000	-27.7551020408	-0.0000211211	0.1528856336
-35.0000000000	-27.5510204082	-0.0000359645	0.1590610639
-34.7916666667	-27.5510204082	-0.0000428699	0.1386472879
-34.5833333333	-27.5510204082	0.0000024527	0.1212061365
-34.3750000000	-27.5510204082	-0.0005495215	0.1661046059
-34.1666666667	-27.5510204082	-0.0011471933	0.1808098906
-33.9583333333	-27.5510204082	-0.0002827646	0.1193054982
-33.7500000000	-27.5510204082	-0.0002406020	0.0796946181
-33.5416666667	-27.5510204082	-0.0008483360	0.1622046802
-33.3333333333	-27.5510204082	-0.0015410662	0.2269776450
-33.1250000000	-27.5510204082	-0.0009659947	0.1695244395
-32.9166666667	-27.5510204082	-0.0002385995	0.1062969773
-32.7083333333	-27.5510204082	-0.0000582855	0.1407912605
-32.5000000000	-27.5510204082	-0.0000938583	0.1669201047
-32.2916666667	-27.5510204082	0.0000331392	0.1621915270
-32.0833333333	-27.5510204082	-0.0001181293	0.1615864796
-31.8750000000	-27.5510204082	-0.0000533826	0.1612576494
-31.6666666667	-27.5510204082	0.0000517773	0.1632963964
-31.4583333333	-27.5510204082	-0.0000128675	0.1644078423
-31.2500000000	-27.5510204082	0.0000606919	0.1635528839
-31.0416666667	-27.5510204082	-0.0000225745	0.1650063132
-30.8333333333	-27.5510204082	0.0000029131	0.1648024385
-30.6250000000	-27.5510204082	-0.0000529782	0.1665386617
-30.4166666667	-27.5510204082	-0.0001622024	0.1703925512
-30.2083333333	-27.5510204082	-0.0000369148	0.1707608409
-30.0000000000	-27.5510204082	-0.0001036969	0.1719643593
-30.0000000000	-27.3469387755	-0.0001047492	0.1727995879
-30.2083333333	-27.3469387755	-0.0000890278	0.1714119246
-30.4166666667	-27.3469387755	-0.0000002141	0.1718459805
-30.6250000000	-27.3469387755	-0.0000852660	0.1694455203
-30.8333333333	-27.3469387755	-0.0001294443	0.1692745286
-31.0416666667	-27.3469387755	-0.0000473848	0.1667228066
-31.2500000000	-27.3469387755	-0.0000926811	0.1661309123
-31.4583333333	-27.3469387755	-0.0000653553	0.1625400870
-31.6666666667	-27.3469387755	-0.0001261034	0.1618955799
-31.8750000000	-27.3469387755	-0.0001073108	0.1591860194
-32.0833333333	-27.3469387755	-0.0000094246	0.1609090894
-32.2916666667	-27.3469387755	-0.0000661577	0.1657823524
-32.5000000000	-27.3469387755	-0.0001284348	0.1636449563
-32.7083333333	-27.3469387755	-0.0000962917	0.1240011928
-32.9166666667	-27.3469387755	-0.0003178673	0.1210219916
-33.1250000000	-27.3469387755	-0.0012015950	0.2108386607
-33.3333333333	-27.3469387755	-0.0016097884	0.2217032092
-33.5416666667	-27.3469387755	-0.0008524102	0.1252902070
-33.7500000000	-27.3469387755	-0.0002163936	0.0835024712
-33.9583333333	-27.3469387755	-0.0004761529	0.1561805118
-34.1666666667	-27.3469387755	-0.0009452521	0.1895041599
-34.3750000000	-27.3469387755	-0.0004665478	0.1435402806
-34.5833333333	-27.3469387755	-0.0000714420	0.1232843431
-34.7916666667	-27.3469387755	-0.0000991689	0.1559766371
-35.0000000000	-27.3469387755	-0.0001905541	0.1597318775
-35.0000000000	-27.1428571429	-0.0000378914	0.1549375338
-34.7916666667	-27.1428571429	-0.0000635829	0.1643026166
-34.5833333333	-27.1428571429	-0.0002884567	0.1319128463
-34.3750000000	-27.1428571429	-0.0001309832	0.1234092985
-34.1666666667	-27.1428571429	-0.0006045644	0.1781463663
-33.9583333333	-27.1428571429	-0.0010183346	0.1899447924
-33.7500000000	-27.1428571429	-0.0002941356	0.1035084977
-33.5416666667	-27.1428571429	-0.0001839611	0.0890991604
-33.3333333333	-27.1428571429	-0.0011319027	0.1891950596
-33.1250000000	-27.1428571429	-0.0017161289	0.2308973006
-32.9166666667	-27.1428571429	-0.0008713936	0.1551414085
-32.7083333333	-27.1428571429	-0.0001937931	0.1078819387
-32.5000000000	-27.1428571429	-0.0000099935	0.1474402062
-32.2916666667	-27.1428571429	0.0000453453	0.1679131718
-32.0833333333	-27.1428571429	-0.0000284902	0.1629938726
-31.8750000000	-27.1428571429	0.0000034754	0.1615996328
-31.6666666667	-27.1428571429	-0.0000210520	0.1630925217
-31.4583333333	-27.1428571429	-0.0000152515	0.1681565061
-31.2500000000	-27.1428571429	-0.0000901886	0.1680249740
-31.0416666667	-27.1428571429	0.0000085460	0.1688733558
-30.8333333333	-27.1428571429	-0.0000032097	0.1697020078
-30.6250000000	-27.1428571429	-0.0000430080	0.1732599501
-30.4166666667	-27.1428571429	0.0000318896	0.1749830202
-30.2083333333	-27.1428571429	-0.0000568452	0.1744766217
-30.0000000000	-27.1428571429	-0.0000249158	0.1749501371
-30.0000000000	-26.9387755102	-0.0000335772	0.1771072630
-30.2083333333	-26.9387755102	0.0000149516	0.1743253598
-30.4166666667	-26.9387755102	-0.0000076489	0.1778504191
-30.6250000000	-26.9387755102	-0.0000912902	0.1738189614
-30.8333333333	-26.9387755102	0.0000019957	0.1715960695
-31.0416666667	-26.9387755102	-0.0000731946	0.1704714704
-31.2500000000	-26.9387755102	0.0000901254	0.1697875037
-31.4583333333	-26.9387755102	-0.0001075245	0.1670121771
-31.6666666667	-26.9387755102	-0.0000235840	0.1662361380
-31.8750000000	-26.9387755102	0.0000231921	0.1630662153
-32.0833333333	-26.9387755102	-0.0000791695	0.1697151610
-32.2916666667	-26.9387755102	-0.0001223449	0.1684524532
-32.5000000000	-26.9387755102	0.0000088715	0.1319917655
-32.7083333333	-26.9387755102	-0.0001264454	0.1139258369
-32.9166666667	-26.9387755102	-0.0009790065	0.1964293231
-33.1250000000	-26.9387755102	-0.0017711849	0.2327321729
-33.3333333333	-26.9387755102	-0.0011452993	0.1541680712
-33.5416666667	-26.9387755102	-0.0002855794	0.0814637243
-33.7500000000	-26.9387755102	-0.0005947620	0.1552926704
-33.9583333333	-26.9387755102	-0.0015035171	0.2276418820
-34.1666666667	-26.9387755102	-0.0009293236	0.1694849799
-34.3750000000	-26.9387755102	-0.0002414340	0.1171812554
-34.5833333333	-26.9387755102	-0.0000888173	0.1463682199
-34.7916666667	-26.9387755102	-0.0001069063	0.1688667792
-35.0000000000	-26.9387755102	-0.0000832207	0.1524318480
-35.0000000000	-26.7346938776	-0.0001238279	0.1457105596
-34.7916666667	-26.7346938776	0.0001171586	0.1631122515
-34.5833333333	-26.7346938776	-0.0000350438	0.1527146419
-34.3750000000	-26.7346938776	0.0000101211	0.1177534199
-34.1666666667	-26.7346938776	-0.0004583731	0.1482096688
-33.9583333333	-26.7346938776	-0.0018713467	0.2353299311
-33.7500000000	-26.7346938776	-0.0014375109	0.1997373545
-33.5416666667	-26.7346938776	-0.0003944321	0.0873629372
-33.3333333333	-26.7346938776	-0.0004422505	0.1063035540
-33.1250000000	-26.7346938776	-0.0014640771	0.2040581828
-32.9166666667	-26.7346938776	-0.0017850155	0.2297990078
-32.7083333333	-26.7346938776	-0.0006602682	0.1386933241
-32.5000000000	-26.7346938776	-0.0001641392	0.1115714130
-32.2916666667	-26.7346938776	-0.0000100823	0.1574761026
-32.0833333333	-26.7346938776	-0.0000371450	0.1708397602
-31.8750000000	-26.7346938776	-0.0000550037	0.1643354997
-31.6666666667	-26.7346938776	-0.0001465073	0.1647892853
-31.4583333333	-26.7346938776	-0.0001203850	0.1689851581
-31.2500000000	-26.7346938776	0.0000894020	0.1700768742
-31.0416666667	-26.7346938776	-0.0000286710	0.1698335399
-30.8333333333	-26.7346938776	-0.0000532412	0.1703728213
-30.6250000000	-26.7346938776	-0.0001397992	0.1734046354
-30.4166666667	-26.7346938776	-0.0000365399	0.1751145522
-30.2083333333	-26.7346938776	-0.0000939800	0.1775018592
-30.0000000000	-26.7346938776	-0.0000113187	0.1780937535
-30.0000000000	-26.5306122449	0.0000062409	0.1785672689
-30.2083333333	-26.5306122449	-0.0000341526	0.1764693325
-30.4166666667	-26.5306122449	-0.0000426726	0.1763180706
-30.6250000000	-26.5306122449	-0.0000887516	0.1779490682
-30.8333333333	-26.5306122449	-0.0000372436	0.1742530172
-31.0416666667	-26.5306122449	-0.0001827543	0.1717802144
-31.2500000000	-26.5306122449	0.0000049091	0.1725562536
-31.4583333333	-26.5306122449	0.0000363157	0.1676566842
-31.6666666667	-26.5306122449	-0.0001399636	0.1662690210
-31.8750000000	-26.5306122449	0.0000705535	0.1704583172
-32.0833333333	-26.5306122449	-0.0000852890	0.1726877857
-32.2916666667	-26.5306122449	-0.0000908002	0.1424419879
-32.5000000000	-26.5306122449	-0.0000770913	0.1058366151
-32.7083333333	-26.5306122449	-0.0006340769	0.1723589555
-32.9166666667	-26.5306122449	-0.0016281207	0.2424326627
-33.1250000000	-26.5306122449	-0.0011829700	0.1691758796
-33.3333333333	-26.5306122449	-0.0001775883	0.0837063459
-33.5416666667	-26.5306122449	-0.0002349922	0.0988128031
-33.7500000000	-26.5306122449	-0.0012688967	0.1932133641
-33.9583333333	-26.5306122449	-0.0015334866	0.2009277197
-34.1666666667	-26.5306122449	-0.0003573367	0.1363257470
-34.3750000000	-26.5306122449	-0.0001388028	0.1302818487
-34.5833333333	-26.5306122449	-0.0000260897	0.1573379939
-34.7916666667	-26.5306122449	0.0000749532	0.1525765333
-35.0000000000	-26.5306122449	-0.0000378355	0.1415015336
-35.0000000000	-26.3265306122	-0.0000355797	0.1366085409
-34.7916666667	-26.3265306122	-0.0000665161	0.1448292948
-34.5833333333	-26.3265306122	-0.0000559047	0.1516623854
-34.3750000000	-26.3265306122	-0.0000755491	0.1479663345
-34.1666666667	-26.3265306122	-0.0001012142	0.1431522610
-33.9583333333	-26.3265306122	-0.0001954175	0.1639540567
-33.7500000000	-26.3265306122	-0.0004450686	0.1673738903
-33.5416666667	-26.3265306122	-0.0001951084	0.1230344321
-33.3333333333	-26.3265306122	-0.0000598704	0.0945643175
-33.1250000000	-26.3265306122	-0.0003313394	0.1368124156
-32.9166666667	-26.3265306122	-0.0016964319	0.2309893730
-32.7083333333	-26.3265306122	-0.0015566231	0.2139428174
-32.5000000000	-26.3265306122	-0.0004596391	0.1188582892
-32.2916666667	-26.3265306122	-0.0000641058	0.1187070273
-32.0833333333	-26.3265306122	-0.0000898499	0.1615930562
-31.8750000000	-26.3265306122	-0.0000375527	0.1741609448
-31.6666666667	-26.3265306122	-0.0000300982	0.1678013695
-31.4583333333	-26.3265306122	-0.0001125918	0.1654864052
-31.2500000000	-26.3265306122	-0.0000345867	0.1695770524
-31.0416666667	-26.3265306122	-0.0001209309	0.1688733558
-30.8333333333	-26.3265306122	-0.0000449087	0.1706687685
-30.6250000000	-26.3265306122	0.0001874131	0.1722603065
-30.4166666667	-26.3265306122	-0.0000423701	0.1733257162
-30.2083333333	-26.3265306122	-0.0000371121	0.1744897749
-30.0000000000	-26.3265306122	-0.0000703897	0.1779424916
-30.0000000000	-26.1224489796	-0.0000710704	0.1773966335
-30.2083333333	-26.1224489796	-0.0000536457	0.1764035664
-30.4166666667	-26.1224489796	-0.0000173428	0.1746278836
-30.6250000000	-26.1224489796	-0.0000629088	0.1716355292
-30.8333333333	-26.1224489796	-0.0001641754	0.1720827382
-31.0416666667	-26.1224489796	-0.0001884627	0.1699321889
-31.2500000000	-26.1224489796	-0.0000035714	0.1695573226
-31.4583333333	-26.1224489796	-0.0001447678	0.1676632609
-31.6666666667	-26.1224489796	0.0000085361	0.1687615536
-31.8750000000	-26.1224489796	-0.0000534846	0.1738452678
-32.0833333333	-26.1224489796	-0.0000372140	0.1470850697
-32.2916666667	-26.1224489796	-0.0000463292	0.1082896881
-32.5000000000	-26.1224489796	-0.0005644701	0.1439480300
-32.7083333333	-26.1224489796	-0.0017635988	0.2282140464
-32.9166666667	-26.1224489796	-0.0018296313	0.2050775563
-33.1250000000	-26.1224489796	-0.0004865209	0.1362336745
-33.3333333333	-26.1224489796	-0.0002563103	0.1350367328
-33.5416666667	-26.1224489796	-0.0000288058	0.1492948083
-33.7500000000	-26.1224489796	-0.0000056069	0.1458157853
-33.9583333333	-26.1224489796	0.0000488671	0.1509258059
-34.1666666667	-26.1224489796	-0.0001279942	0.1629281066
-34.3750000000	-26.1224489796	0.0000604913	0.1460525430
-34.5833333333	-26.1224489796	-0.0000633034	0.1289204919
-34.7916666667	-26.1224489796	-0.0005080363	0.1507219312
-35.0000000000	-26.1224489796	-0.0008190405	0.1470258802
-35.0000000000	-25.9183673469	-0.0020902458	0.1563580801
-34.7916666667	-25.9183673469	-0.0018791005	0.1517215749
-34.5833333333	-25.9183673469	-0.0005225443	0.1031599377
-34.3750000000	-25.9183673469	-0.0000102138	0.1250008365
-34.1666666667	-25.9183673469	0.0000814377	0.1690377709
-33.9583333333	-25.9183673469	-0.0001354422	0.1593833175
-33.7500000000	-25.9183673469	-0.0000270203	0.1324915874
-33.5416666667	-25.9183673469	-0.0004450259	0.1651970347
-33.3333333333	-25.9183673469	-0.0006865319	0.1909838957
-33.1250000000	-25.9183673469	-0.0006350535	0.1689917347
-32.9166666667	-25.9183673469	-0.0010491329	0.1751605884
-32.7083333333	-25.9183673469	-0.0019519200	0.2194605875
-32.5000000000	-25.9183673469	-0.0013934970	0.1781397897
-32.2916666667	-25.9183673469	-0.0004432239	0.1108611399
-32.0833333333	-25.9183673469	-0.0000838750	0.1225477635
-31.8750000000	-25.9183673469	-0.0001119045	0.1693402947
-31.6666666667	-25.9183673469	0.0000414915	0.1772585249
-31.4583333333	-25.9183673469	-0.0000979851	0.1718459805
-31.2500000000	-25.9183673469	-0.0000965383	0.1715697631
-31.0416666667	-25.9183673469	0.0000137448	0.1743385130
-30.8333333333	-25.9183673469	0.0000437670	0.1761405023
-30.6250000000	-25.9183673469	-0.0001139860	0.1767258200
-30.4166666667	-25.9183673469	-0.0000778377	0.1765087921
-30.2083333333	-25.9183673469	-0.0000770222	0.1772453716
-30.0000000000	-25.9183673469	-0.0001312660	0.1763772600
-30.0000000000	-25.7142857143	-0.0000416269	0.1778701489
-30.2083333333	-25.7142857143	-0.0000322487	0.1773374441
-30.4166666667	-25.7142857143	-0.0000525572	0.1738781508
-30.6250000000	-25.7142857143	-0.0000931875	0.1711488605
-30.8333333333	-25.7142857143	-0.0001737969	0.1737729252
-31.0416666667	-25.7142857143	0.0000491631	0.1712014733
-31.2500000000	-25.7142857143	-0.0000975774	0.1699913784
-31.4583333333	-25.7142857143	-0.0000491571	0.1705306598
-31.6666666667	-25.7142857143	-0.0000456156	0.1768902351
-31.8750000000	-25.7142857143	-0.0000272603	0.1551545617
-32.0833333333	-25.7142857143	-0.0000874659	0.1106441120
-32.2916666667	-25.7142857143	-0.0003014323	0.1259741737
-32.5000000000	-25.7142857143	-0.0013693675	0.1820462920
-32.7083333333	-25.7142857143	-0.0016264272	0.1800075450
-32.9166666667	-25.7142857143	-0.0009685925	0.1559832137
-33.1250000000	-25.7142857143	-0.0014078866	0.2045448514
-33.3333333333	-25.7142857143	-0.0018643755	0.2287401747
-33.5416666667	-25.7142857143	-0.0011830917	0.1623164825
-33.7500000000	-25.7142857143	-0.0003450023	0.1182861247
-33.9583333333	-25.7142857143	-0.0001656386	0.1641710846
-34.1666666667	-25.7142857143	-0.0000548196	0.1728127411
-34.3750000000	-25.7142857143	-0.0001170277	0.1279866143
-34.5833333333	-25.7142857143	-0.0000158565	0.0994704634
-34.7916666667	-25.7142857143	-0.0005902307	0.1291835560
-35.0000000000	-25.7142857143	-0.0009588789	0.1305712193
-35.0000000000	-25.5102040816	-0.0002217305	0.1330242922
-34.7916666667	-25.5102040816	-0.0000076917	0.1317352780
-34.5833333333	-25.5102040816	-0.0001672170	0.1268751683
-34.3750000000	-25.5102040816	0.0000300712	0.1483083178
-34.1666666667	-25.5102040816	-0.0001273431	0.1732139139
-33.9583333333	-25.5102040816	-0.0001022073	0.1720432785
-33.7500000000	-25.5102040816	-0.0000521363	0.1254809285
-33.5416666667	-25.5102040816	-0.0004521352	0.1412845057
-33.3333333333	-25.5102040816	-0.0014797196	0.2298845037
-33.1250000000	-25.5102040816	-0.0015363244	0.2320087465
-32.9166666667	-25.5102040816	-0.0009003734	0.1386735943
-32.7083333333	-25.5102040816	-0.0008108297	0.1287363470
-32.5000000000	-25.5102040816	-0.0013461849	0.1833747658
-32.2916666667	-25.5102040816	-0.0012232583	0.1725365238
-32.0833333333	-25.5102040816	-0.0002546760	0.1157541325
-31.8750000000	-25.5102040816	0.0000898657	0.1298675228
-31.6666666667	-25.5102040816	0.0000317877	0.1708857964
-31.4583333333	-25.5102040816	0.0000053201	0.1733914822
-31.2500000000	-25.5102040816	0.0000072537	0.1683932638
-31.0416666667	-25.5102040816	-0.0000969460	0.1683274978
-30.8333333333	-25.5102040816	-0.0000870943	0.1702084063
-30.6250000000	-25.5102040816	-0.0000881564	0.1699058825
-30.4166666667	-25.5102040816	-0.0001220719	0.1718854401
-30.2083333333	-25.5102040816	-0.0000863215	0.1727206687
-30.0000000000	-25.5102040816	-0.0001279712	0.1751277054
-30.0000000000	-25.3061224490	-0.0001061829	0.1750027500
-30.2083333333	-25.3061224490	0.0000109300	0.1732862565
-30.4166666667	-25.3061224490	0.0000289170	0.1709844454
-30.6250000000	-25.3061224490	-0.0000972814	0.1733125630
-30.8333333333	-25.3061224490	-0.0000679597	0.1706950749
-31.0416666667	-25.3061224490	-0.0000732505	0.1690048879
-31.2500000000	-25.3061224490	-0.0001470992	0.1705043534
-31.4583333333	-25.3061224490	-0.0000284080	0.1786198817
-31.6666666667	-25.3061224490	-0.0000798732	0.1637501820
-31.8750000000	-25.3061224490	-0.0000232322	0.1181414395
-32.0833333333	-25.3061224490	-0.0003344666	0.1415541465
-32.2916666667	-25.3061224490	-0.0011494787	0.2104309113
-32.5000000000	-25.3061224490	-0.0013153143	0.1834602616
-32.7083333333	-25.3061224490	-0.0006287367	0.0974054100
-32.9166666667	-25.3061224490	-0.0006792384	0.1114004213
-33.1250000000	-25.3061224490	-0.0011100256	0.1996715885
-33.3333333333	-25.3061224490	-0.0012163956	0.2027954750
-33.5416666667	-25.3061224490	-0.0003838306	0.1393181014
-33.7500000000	-25.3061224490	-0.0000795904	0.1408899095
-33.9583333333	-25.3061224490	-0.0001578750	0.1685511023
-34.1666666667	-25.3061224490	-0.0001645272	0.1636712627
-34.3750000000	-25.3061224490	-0.0001369614	0.1520767114
-34.5833333333	-25.3061224490	-0.0000667233	0.1469140780
-34.7916666667	-25.3061224490	-0.0000312195	0.1461906516
-35.0000000000	-25.3061224490	-0.0000191777	0.1467759693
-35.0000000000	-25.1020408163	-0.0001548859	0.1506627418
-34.7916666667	-25.1020408163	0.0000041528	0.1500050814
-34.5833333333	-25.1020408163	0.0000265396	0.1503733712
-34.3750000000	-25.1020408163	0.0000191507	0.1526159929
-34.1666666667	-25.1020408163	0.0000566538	0.1513927447
-33.9583333333	-25.1020408163	-0.0000027855	0.1612050366
-33.7500000000	-25.1020408163	-0.0001376519	0.1608827830
-33.5416666667	-25.1020408163	-0.0001179155	0.1457894789
-33.3333333333	-25.1020408163	-0.0001427258	0.1657297395
-33.1250000000	-25.1020408163	-0.0002331771	0.1783042048
-32.9166666667	-25.1020408163	-0.0000868674	0.1237249755
-32.7083333333	-25.1020408163	-0.0000996194	0.0928017879
-32.5000000000	-25.1020408163	-0.0010577022	0.1663150572
-32.2916666667	-25.1020408163	-0.0016659362	0.2443333010
-32.0833333333	-25.1020408163	-0.0011629114	0.1906616421
-31.8750000000	-25.1020408163	-0.0002874538	0.1114201511
-31.6666666667	-25.1020408163	0.0000552037	0.1407781073
-31.4583333333	-25.1020408163	0.0000012229	0.1739241871
-31.2500000000	-25.1020408163	-0.0000258661	0.1732270671
-31.0416666667	-25.1020408163	-0.0001138019	0.1695441694
-30.8333333333	-25.1020408163	-0.0001645930	0.1712935458
-30.6250000000	-25.1020408163	-0.0000487001	0.1720893148
-30.4166666667	-25.1020408163	0.0000467330	0.1721024680
-30.2083333333	-25.1020408163	-0.0000090169	0.1725233706
-30.0000000000	-25.1020408163	-0.0000805407	0.1747265326
-30.0000000000	-24.8979591837	-0.0000211671	0.1758642850
-30.2083333333	-24.8979591837	0.0000197065	0.1747199560
-30.4166666667	-24.8979591837	-0.0000263659	0.1716223759
-30.6250000000	-24.8979591837	-0.0000300521	0.1693600245
-30.8333333333	-24.8979591837	-0.0000968803	0.1708266070
-31.0416666667	-24.8979591837	-0.0000753485	0.1682156955
-31.2500000000	-24.8979591837	-0.0000679038	0.1773308675
-31.4583333333	-24.8979591837	-0.0000812345	0.1664992021
-31.6666666667	-24.8979591837	0.0000367464	0.1203314483
-31.8750000000	-24.8979591837	-0.0002720908	0.1237447053
-32.0833333333	-24.8979591837	-0.0013897056	0.2239918672
-32.2916666667	-24.8979591837	-0.0019144596	0.2442280754
-32.5000000000	-24.8979591837	-0.0008242920	0.1492619253
-32.7083333333	-24.8979591837	-0.0002600392	0.1193383812
-32.9166666667	-24.8979591837	-0.0001040718	0.1606197189
-33.1250000000	-24.8979591837	-0.0000150903	0.1712343564
-33.3333333333	-24.8979591837	-0.0000583677	0.1585941251
-33.5416666667	-24.8979591837	-0.0000460300	0.1545758206
-33.7500000000	-24.8979591837	-0.0000458162	0.1605079166
-33.9583333333	-24.8979591837	-0.0000892876	0.1538392411
-34.1666666667	-24.8979591837	-0.0002136182	0.1496565215
-34.3750000000	-24.8979591837	-0.0002820083	0.1492619253
-34.5833333333	-24.8979591837	-0.0000335476	0.1485845352
-34.7916666667	-24.8979591837	-0.0001199839	0.1462564177
-35.0000000000	-24.8979591837	-0.0000288946	0.1453554230
-35.0000000000	-24.6938775510	-0.0000017957	0.1455329913
-34.7916666667	-24.6938775510	-0.0000581704	0.1453554230
-34.5833333333	-24.6938775510	-0.0000526000	0.1480715601
-34.3750000000	-24.6938775510	-0.0001149363	0.1491632762
-34.1666666667	-24.6938775510	-0.0000478221	0.1529579762
-33.9583333333	-24.6938775510	-0.0001468986	0.1521819371
-33.7500000000	-24.6938775510	0.0000157112	0.1568842083
-33.5416666667	-24.6938775510	-0.0000711098	0.1592517854
-33.3333333333	-24.6938775510	-0.0002186033	0.1610077385
-33.1250000000	-24.6938775510	-0.0000800474	0.1711225541
-32.9166666667	-24.6938775510	-0.0001255115	0.1836444065
-32.7083333333	-24.6938775510	0.0000252209	0.1486831842
-32.5000000000	-24.6938775510	-0.0000286250	0.1245404743
-32.2916666667	-24.6938775510	-0.0013236732	0.2046106175
-32.0833333333	-24.6938775510	-0.0019386583	0.2516004476
-31.8750000000	-24.6938775510	-0.0009381889	0.1659533440
-31.6666666667	-24.6938775510	-0.0001927014	0.1085659054
-31.4583333333	-24.6938775510	0.0000141459	0.1476111979
-31.2500000000	-24.6938775510	-0.0000650659	0.1770086139
-31.0416666667	-24.6938775510	-0.0000347544	0.1705306598
-30.8333333333	-24.6938775510	0.0000178091	0.1705372364
-30.6250000000	-24.6938775510	-0.0001440641	0.1689522751
-30.4166666667	-24.6938775510	-0.0000693868	0.1721616574
-30.2083333333	-24.6938775510	-0.0000701266	0.1714974205
-30.0000000000	-24.6938775510	-0.0000195197	0.1736611229
-30.0000000000	-24.4897959184	-0.0001535969	0.1743253598
-30.2083333333	-24.4897959184	0.0000199893	0.1733388694
-30.4166666667	-24.4897959184	-0.0000295490	0.1725759834
-30.6250000000	-24.4897959184	-0.0001272083	0.1724312981
-30.8333333333	-24.4897959184	-0.0000590780	0.1703728213
-31.0416666667	-24.4897959184	-0.0000803237	0.1742069810
-31.2500000000	-24.4897959184	-0.0000884852	0.1712343564
-31.4583333333	-24.4897959184	0.0000460425	0.1311828434
-31.6666666667	-24.4897959184	-0.0000595219	0.1141889010
-31.8750000000	-24.4897959184	-0.0010991151	0.2005857363
-32.0833333333	-24.4897959184	-0.0018036142	0.2411239186
-32.2916666667	-24.4897959184	-0.0010730520	0.1712146266
-32.5000000000	-24.4897959184	-0.0001988242	0.1156883665
-32.7083333333	-24.4897959184	-0.0000145280	0.1589689915
-32.9166666667	-24.4897959184	-0.0001213880	0.1789355587
-33.1250000000	-24.4897959184	0.0000115087	0.1604487272
-33.3333333333	-24.4897959184	-0.0000361519	0.1511099508
-33.5416666667	-24.4897959184	-0.0001651059	0.1536156366
-33.7500000000	-24.4897959184	-0.0000695742	0.1527277951
-33.9583333333	-24.4897959184	-0.0000163103	0.1551545617
-34.1666666667	-24.4897959184	-0.0000180071	0.1524384246
-34.3750000000	-24.4897959184	-0.0000640729	0.1499261622
-34.5833333333	-24.4897959184	-0.0001291648	0.1487555269
-34.7916666667	-24.4897959184	-0.0000908265	0.1477953428
-35.0000000000	-24.4897959184	-0.0000643294	0.1470061504
-35.0000000000	-24.2857142857	0.0000064217	0.1467036267
-34.7916666667	-24.2857142857	0.0000029789	0.1459012811
-34.5833333333	-24.2857142857	-0.0000765421	0.1493934574
-34.3750000000	-24.2857142857	0.0000295319	0.1496630981
-34.1666666667	-24.2857142857	0.0000630167	0.1527672548
-33.9583333333	-24.2857142857	-0.0000727540	0.1580614203
-33.7500000000	-24.2857142857	0.0000121927	0.1513993213
-33.5416666667	-24.2857142857	-0.0000557140	0.1409556756
-33.3333333333	-24.2857142857	-0.0000526395	0.1445333477
-33.1250000000	-24.2857142857	-0.0001783973	0.1552071745
-32.9166666667	-24.2857142857	-0.0001053082	0.1700768742
-32.7083333333	-24.2857142857	0.0000194960	0.1653482965
-32.5000000000	-24.2857142857	-0.0000313411	0.1202393758
-32.2916666667	-24.2857142857	-0.0003499216	0.1264082295
-32.0833333333	-24.2857142857	-0.0012565326	0.2098653234
-31.8750000000	-24.2857142857	-0.0013582596	0.2337515464
-31.6666666667	-24.2857142857	-0.0004836338	0.1404098175
-31.4583333333	-24.2857142857	-0.0001839315	0.1166288208
-31.2500000000	-24.2857142857	-0.0000848911	0.1647103660
-31.0416666667	-24.2857142857	-0.0001600091	0.1772387950
-30.8333333333	-24.2857142857	0.0000025645	0.1726812091
-30.6250000000	-24.2857142857	0.0000602085	0.1725694068
-30.4166666667	-24.2857142857	0.0000182859	0.1742464406
-30.2083333333	-24.2857142857	-0.0001110496	0.1737926550
-30.0000000000	-24.2857142857	-0.0000273064	0.1765482517
-30.0000000000	-24.0816326531	-0.0000426496	0.1747857221
-30.2083333333	-24.0816326531	-0.0000594725	0.1759366276
-30.4166666667	-24.0816326531	-0.0000028842	0.1741609448
-30.6250000000	-24.0816326531	-0.0001614757	0.1722537298
-30.8333333333	-24.0816326531	-0.0000982712	0.1741149085
-31.0416666667	-24.0816326531	-0.0000407522	0.1771072630
-31.2500000000	-24.0816326531	0.0000013117	0.1500511177
-31.4583333333	-24.0816326531	-0.0000177440	0.1108085270
-31.6666666667	-24.0816326531	-0.0004475020	0.1709186794
-31.8750000000	-24.0816326531	-0.0009780365	0.2422616710
-32.0833333333	-24.0816326531	-0.0010075293	0.1766140177
-32.2916666667	-24.0816326531	-0.0002575401	0.1055472446
-32.5000000000	-24.0816326531	0.0000949494	0.1144782716
-32.7083333333	-24.0816326531	0.0000412120	0.1577588965
-32.9166666667	-24.0816326531	-0.0007011023	0.1868406357
-33.1250000000	-24.0816326531	-0.0011747230	0.1839929665
-33.3333333333	-24.0816326531	-0.0005652462	0.1461446154
-33.5416666667	-24.0816326531	-0.0000280364	0.1270132770
-33.7500000000	-24.0816326531	-0.0000267507	0.1492093125
-33.9583333333	-24.0816326531	-0.0000697090	0.1612773792
-34.1666666667	-24.0816326531	-0.0001436268	0.1531815808
-34.3750000000	-24.0816326531	-0.0000250243	0.1487555269
-34.5833333333	-24.0816326531	0.0001187008	0.1512414828
-34.7916666667	-24.0816326531	-0.0001419530	0.1490646272
-35.0000000000	-24.0816326531	0.0000325440	0.1481504794
-35.0000000000	-23.8775510204	0.0000464502	0.1477953428
-34.7916666667	-23.8775510204	-0.0001346333	0.1464931754
-34.5833333333	-23.8775510204	-0.0001172809	0.1500050814
-34.3750000000	-23.8775510204	-0.0000135317	0.1485121925
-34.1666666667	-23.8775510204	-0.0000632837	0.1520701348
-33.9583333333	-23.8775510204	-0.0000204536	0.1651970347
-33.7500000000	-23.8775510204	-0.0000531327	0.1547731187
-33.5416666667	-23.8775510204	-0.0000873836	0.1218769500
-33.3333333333	-23.8775510204	-0.0004552623	0.1433495591
-33.1250000000	-23.8775510204	-0.0019103230	0.1990336580
-32.9166666667	-23.8775510204	-0.0020602992	0.2050249435
-32.7083333333	-23.8775510204	-0.0005765217	0.1459275875
-32.5000000000	-23.8775510204	0.0000852061	0.1167800826
-32.2916666667	-23.8775510204	-0.0000382466	0.1109663655
-32.0833333333	-23.8775510204	-0.0006315778	0.1430207289
-31.8750000000	-23.8775510204	-0.0011256648	0.2385393135
-31.6666666667	-23.8775510204	-0.0011482752	0.2245508784
-31.4583333333	-23.8775510204	-0.0003876779	0.1277038203
-31.2500000000	-23.8775510204	-0.0000334193	0.1267502129
-31.0416666667	-23.8775510204	-0.0000243601	0.1703662447
-30.8333333333	-23.8775510204	-0.0000742600	0.1761010427
-30.6250000000	-23.8775510204	-0.0000838882	0.1731086883
-30.4166666667	-23.8775510204	-0.0001283197	0.1746344602
-30.2083333333	-23.8775510204	-0.0001512589	0.1750750926
-30.0000000000	-23.8775510204	-0.0000787847	0.1750948224
-30.0000000000	-23.6734693878	-0.0001127003	0.1762720344
-30.2083333333	-23.6734693878	-0.0001273464	0.1761339257
-30.4166666667	-23.6734693878	-0.0001077678	0.1732073373
-30.6250000000	-23.6734693878	0.0000415638	0.1740031063
-30.8333333333	-23.6734693878	-0.0001363004	0.1766205943
-31.0416666667	-23.6734693878	-0.0000460563	0.1589492617
-31.2500000000	-23.6734693878	-0.0001621859	0.1147150293
-31.4583333333	-23.6734693878	-0.0005365787	0.1534051853
-31.6666666667	-23.6734693878	-0.0010945180	0.2554543371
-31.8750000000	-23.6734693878	-0.0011959983	0.2190791445
-32.0833333333	-23.6734693878	-0.0006450269	0.1397850402
-32.2916666667	-23.6734693878	-0.0001626562	0.1351879947
-32.5000000000	-23.6734693878	0.0000273320	0.1296044586
-32.7083333333	-23.6734693878	-0.0001859505	0.1317681610
-32.9166666667	-23.6734693878	-0.0012893236	0.1808296204
-33.1250000000	-23.6734693878	-0.0014062721	0.1832629635
-33.3333333333	-23.6734693878	-0.0004158817	0.1389103520
-33.5416666667	-23.6734693878	0.0000494064	0.1330966349
-33.7500000000	-23.6734693878	-0.0000981660	0.1626321595
-33.9583333333	-23.6734693878	0.0000333135	0.1605013400
-34.1666666667	-23.6734693878	-0.0000518536	0.1501958029
-34.3750000000	-23.6734693878	-0.0001059461	0.1514322043
-34.5833333333	-23.6734693878	-0.0000454216	0.1495315660
-34.7916666667	-23.6734693878	-0.0000082836	0.1484398499
-35.0000000000	-23.6734693878	-0.0000527381	0.1481373262
-35.0000000000	-23.4693877551	-0.0000937991	0.1490975102
-34.7916666667	-23.4693877551	-0.0000500483	0.1493013849
-34.5833333333	-23.4693877551	-0.0000915072	0.1513269787
-34.3750000000	-23.4693877551	-0.0000652205	0.1530632019
-34.1666666667	-23.4693877551	-0.0000147484	0.1500511177
-33.9583333333	-23.4693877551	-0.0001144036	0.1557530326
-33.7500000000	-23.4693877551	-0.0001182213	0.1643946891
-33.5416666667	-23.4693877551	-0.0001394868	0.1560752861
-33.3333333333	-23.4693877551	-0.0000360598	0.1448753310
-33.1250000000	-23.4693877551	-0.0001001587	0.1540168094
-32.9166666667	-23.4693877551	-0.0001820374	0.1548914976
-32.7083333333	-23.4693877551	-0.0001396545	0.1347736687
-32.5000000000	-23.4693877551	-0.0000093654	0.1539839263
-32.2916666667	-23.4693877551	-0.0001557409	0.1715829163
-32.0833333333	-23.4693877551	-0.0001234662	0.1405610794
-31.8750000000	-23.4693877551	-0.0007340873	0.1760155469
-31.6666666667	-23.4693877551	-0.0009380343	0.2679038472
-31.4583333333	-23.4693877551	-0.0010868102	0.2180860775
-31.2500000000	-23.4693877551	-0.0002946847	0.1186149549
-31.0416666667	-23.4693877551	-0.0001653756	0.1386867475
-30.8333333333	-23.4693877551	0.0000571602	0.1734243652
-30.6250000000	-23.4693877551	0.0000006902	0.1797970937
-30.4166666667	-23.4693877551	-0.0000273656	0.1761141959
-30.2083333333	-23.4693877551	-0.0001305886	0.1755946443
-30.0000000000	-23.4693877551	0.0000379138	0.1779753746
-30.0000000000	-23.2653061224	-0.0000321533	0.1775939316
-30.2083333333	-23.2653061224	-0.0000569669	0.1750027500
-30.4166666667	-23.2653061224	0.0000243989	0.1766995136
-30.6250000000	-23.2653061224	-0.0000523764	0.1788632160
-30.8333333333	-23.2653061224	-0.0001900115	0.1619810757
-31.0416666667	-23.2653061224	-0.0001509630	0.1211272173
-31.2500000000	-23.2653061224	-0.0003755441	0.1386275581
-31.4583333333	-23.2653061224	-0.0011063822	0.2479241264
-31.6666666667	-23.2653061224	-0.0011127220	0.2471020510
-31.8750000000	-23.2653061224	-0.0008457646	0.1484135435
-32.0833333333	-23.2653061224	-0.0002509306	0.1466641671
-32.2916666667	-23.2653061224	-0.0000784066	0.1880112710
-32.5000000000	-23.2653061224	-0.0000368885	0.1739965297
-32.7083333333	-23.2653061224	0.0000489855	0.1495644490
-32.9166666667	-23.2653061224	0.0001708335	0.1548586146
-33.1250000000	-23.2653061224	-0.0000687752	0.1575089856
-33.3333333333	-23.2653061224	-0.0001289313	0.1591662896
-33.5416666667	-23.2653061224	-0.0001515220	0.1617706244
-33.7500000000	-23.2653061224	-0.0001606865	0.1590939470
-33.9583333333	-23.2653061224	-0.0000049591	0.1523331990
-34.1666666667	-23.2653061224	-0.0001704955	0.1530434721
-34.3750000000	-23.2653061224	-0.0000719812	0.1545034780
-34.5833333333	-23.2653061224	-0.0000795641	0.1512612126
-34.7916666667	-23.2653061224	0.0000339119	0.1505640927
-35.0000000000	-23.2653061224	-0.0000357080	0.1496499449
-35.0000000000	-23.0612244898	-0.0000671080	0.1487094906
-34.7916666667	-23.0612244898	-0.0000521955	0.1514979704
-34.5833333333	-23.0612244898	0.0000046230	0.1530960849
-34.3750000000	-23.0612244898	-0.0000854238	0.1525568035
-34.1666666667	-23.0612244898	0.0000151818	0.1549769934
-33.9583333333	-23.0612244898	-0.0000631456	0.1572788045
-33.7500000000	-23.0612244898	-0.0000016642	0.1579825010
-33.5416666667	-23.0612244898	-0.0000843485	0.1632700900
-33.3333333333	-23.0612244898	-0.0000095265	0.1614681007
-33.1250000000	-23.0612244898	-0.0000058502	0.1635200009
-32.9166666667	-23.0612244898	-0.0001292536	0.1609025128
-32.7083333333	-23.0612244898	0.0000822269	0.1599160224
-32.5000000000	-23.0612244898	0.0001052911	0.1718920167
-32.2916666667	-23.0612244898	-0.0000353726	0.1924504782
-32.0833333333	-23.0612244898	-0.0000482266	0.1738321146
-31.8750000000	-23.0612244898	-0.0000987908	0.1318470803
-31.6666666667	-23.0612244898	-0.0011054516	0.1955546349
-31.4583333333	-23.0612244898	-0.0014164033	0.2666082563
-31.2500000000	-23.0612244898	-0.0011031038	0.1895633494
-31.0416666667	-23.0612244898	-0.0002615650	0.1143401629
-30.8333333333	-23.0612244898	-0.0000700313	0.1417645978
-30.6250000000	-23.0612244898	-0.0001159458	0.1776070848
-30.4166666667	-23.0612244898	0.0000331392	0.1813820550
-30.2083333333	-23.0612244898	-0.0001271326	0.1769625777
-30.0000000000	-23.0612244898	-0.0000725140	0.1799549321
-30.0000000000	-22.8571428571	-0.0000999482	0.1782976281
-30.2083333333	-22.8571428571	0.0000109366	0.1775478954
-30.4166666667	-22.8571428571	0.0000055043	0.1835194511
-30.6250000000	-22.8571428571	-0.0000587590	0.1727732815
-30.8333333333	-22.8571428571	-0.0001572896	0.1251915580
-31.0416666667	-22.8571428571	-0.0001558987	0.1220808247
-31.2500000000	-22.8571428571	-0.0011211927	0.2211639278
-31.4583333333	-22.8571428571	-0.0012996291	0.2490947618
-31.6666666667	-22.8571428571	-0.0008947964	0.1591531364
-31.8750000000	-22.8571428571	-0.0001956312	0.1376016080
-32.0833333333	-22.8571428571	-0.0000681701	0.1848413483
-32.2916666667	-22.8571428571	-0.0000928587	0.1864065799
-32.5000000000	-22.8571428571	0.0000657361	0.1658612716
-32.7083333333	-22.8571428571	0.0000134455	0.1606197189
-32.9166666667	-22.8571428571	0.0000215019	0.1606526019
-33.1250000000	-22.8571428571	0.0000835916	0.1595543092
-33.3333333333	-22.8571428571	-0.0001382076	0.1606657551
-33.5416666667	-22.8571428571	-0.0000338534	0.1585415123
-33.7500000000	-22.8571428571	-0.0002175313	0.1567987125
-33.9583333333	-22.8571428571	-0.0000544973	0.1554636620
-34.1666666667	-22.8571428571	-0.0001452282	0.1543324863
-34.3750000000	-22.8571428571	0.0000056292	0.1521095944
-34.5833333333	-22.8571428571	-0.0001799789	0.1493934574
-34.7916666667	-22.8571428571	-0.0000620604	0.1503470648
-35.0000000000	-22.8571428571	-0.0001359551	0.1474599360
-35.0000000000	-22.6530612245	-0.0000673316	0.1482820114
-34.7916666667	-22.6530612245	0.0000254610	0.1471442591
-34.5833333333	-22.6530612245	-0.0000068696	0.1503799478
-34.3750000000	-22.6530612245	-0.0000628990	0.1523397756
-34.1666666667	-22.6530612245	0.0000801290	0.1536156366
-33.9583333333	-22.6530612245	-0.0000265665	0.1528001378
-33.7500000000	-22.6530612245	-0.0000139098	0.1554768152
-33.5416666667	-22.6530612245	0.0000962187	0.1571538490
-33.3333333333	-22.6530612245	-0.0001120459	0.1603961144
-33.1250000000	-22.6530612245	-0.0001302171	0.1615404433
-32.9166666667	-22.6530612245	-0.0000324624	0.1589492617
-32.7083333333	-22.6530612245	-0.0001036838	0.1609748555
-32.5000000000	-22.6530612245	0.0000159611	0.1599686352
-32.2916666667	-22.6530612245	-0.0001426140	0.1797839405
-32.0833333333	-22.6530612245	0.0000003976	0.1972645517
-31.8750000000	-22.6530612245	0.0000053366	0.1676829907
-31.6666666667	-22.6530612245	-0.0001417195	0.1287495002
-31.4583333333	-22.6530612245	-0.0009982431	0.2041436787
-31.2500000000	-22.6530612245	-0.0014696114	0.2528039660
-31.0416666667	-22.6530612245	-0.0009275611	0.1649405472
-30.8333333333	-22.6530612245	-0.0001925698	0.1133997087
-30.6250000000	-22.6530612245	-0.0000841184	0.1508468866
-30.4166666667	-22.6530612245	-0.0000904582	0.1791788930
-30.2083333333	-22.6530612245	0.0000452599	0.1772124886
-30.0000000000	-22.6530612245	0.0000394165	0.1772256418
-30.0000000000	-22.4489795918	-0.0000665555	0.1775939316
-30.2083333333	-22.4489795918	-0.0000412258	0.1788171798
-30.4166666667	-22.4489795918	-0.0000360500	0.1757459061
-30.6250000000	-22.4489795918	-0.0000156198	0.1333794288
-30.8333333333	-22.4489795918	-0.0000887483	0.1210877576
-31.0416666667	-22.4489795918	-0.0010274465	0.2015985332
-31.2500000000	-22.4489795918	-0.0010720688	0.2509690937
-31.4583333333	-22.4489795918	-0.0008365244	0.1609748555
-31.6666666667	-22.4489795918	-0.0002742085	0.1271579623
-31.8750000000	-22.4489795918	-0.0001911098	0.1823488157
-32.0833333333	-22.4489795918	0.0000194467	0.1918783137
-32.2916666667	-22.4489795918	-0.0000580487	0.1688865090
-32.5000000000	-22.4489795918	-0.0000113220	0.1604816102
-32.7083333333	-22.4489795918	-0.0000843157	0.1603303484
-32.9166666667	-22.4489795918	-0.0001150646	0.1611458471
-33.1250000000	-22.4489795918	-0.0000684924	0.1599160224
-33.3333333333	-22.4489795918	-0.0001027663	0.1593964707
-33.5416666667	-22.4489795918	-0.0001868087	0.1556938431
-33.7500000000	-22.4489795918	-0.0000942102	0.1563120438
-33.9583333333	-22.4489795918	-0.0000235446	0.1556149239
-34.1666666667	-22.4489795918	-0.0001127069	0.1536748260
-34.3750000000	-22.4489795918	-0.0000615409	0.1532210404
-34.5833333333	-22.4489795918	-0.0000485192	0.1516558088
-34.7916666667	-22.4489795918	-0.0000924608	0.1489594016
-35.0000000000	-22.4489795918	-0.0000525112	0.1470587633
-35.0000000000	-22.2448979592	-0.0001036542	0.1470324568
-34.7916666667	-22.2448979592	-0.0000206476	0.1479794877
-34.5833333333	-22.2448979592	0.0000023015	0.1502615690
-34.3750000000	-22.2448979592	-0.0001617091	0.1528659038
-34.1666666667	-22.2448979592	0.0000572852	0.1532605000
-33.9583333333	-22.2448979592	-0.0000880413	0.1539905029
-33.7500000000	-22.2448979592	-0.0001251958	0.1556280771
-33.5416666667	-22.2448979592	-0.0000611003	0.1563580801
-33.3333333333	-22.2448979592	-0.0000598408	0.1583442142
-33.1250000000	-22.2448979592	0.0000012558	0.1612642260
-32.9166666667	-22.2448979592	-0.0001286946	0.1610274683
-32.7083333333	-22.2448979592	-0.0000209435	0.1622770229
-32.5000000000	-22.2448979592	0.0000507842	0.1628952236
-32.2916666667	-22.2448979592	-0.0000756082	0.1624085549
-32.0833333333	-22.2448979592	-0.0000531327	0.1809874588
-31.8750000000	-22.2448979592	0.0000611851	0.1940222863
-31.6666666667	-22.2448979592	0.0000354804	0.1499721984
-31.4583333333	-22.2448979592	-0.0004142046	0.1336819525
-31.2500000000	-22.2448979592	-0.0007757829	0.2250967365
-31.0416666667	-22.2448979592	-0.0009680170	0.2449646549
-30.8333333333	-22.2448979592	-0.0004528685	0.1544311353
-30.6250000000	-22.2448979592	-0.0001499633	0.1206010890
-30.4166666667	-22.2448979592	-0.0000778147	0.1649208173
-30.2083333333	-22.2448979592	-0.0000394402	0.1831840443
-30.0000000000	-22.2448979592	0.0000007395	0.1810795313
-30.0000000000	-22.0408163265	0.0001388351	0.1823816987
-30.2083333333	-22.0408163265	0.0000231723	0.1808822332
-30.4166666667	-22.0408163265	-0.0000618105	0.1478742620
-30.6250000000	-22.0408163265	0.0000163491	0.1180625202
-30.8333333333	-22.0408163265	-0.0006948874	0.1941735482
-31.0416666667	-22.0408163265	-0.0007977850	0.2602157979
-31.2500000000	-22.0408163265	-0.0008432457	0.1934764283
-31.4583333333	-22.0408163265	-0.0002167421	0.1307422110
-31.6666666667	-22.0408163265	-0.0000440866	0.1711225541
-31.8750000000	-22.0408163265	0.0000686167	0.1941340886
-32.0833333333	-22.0408163265	-0.0000689133	0.1731086883
-32.2916666667	-22.0408163265	-0.0000505645	0.1638027948
-32.5000000000	-22.0408163265	0.0000662524	0.1664794723
-32.7083333333	-22.0408163265	0.0000085328	0.1645327978
-32.9166666667	-22.0408163265	-0.0000330938	0.1653022603
-33.1250000000	-22.0408163265	-0.0001176886	0.1627242319
-33.3333333333	-22.0408163265	-0.0001744513	0.1596266518
-33.5416666667	-22.0408163265	-0.0002000869	0.1590347575
-33.7500000000	-22.0408163265	-0.0001309208	0.1553058236
-33.9583333333	-22.0408163265	0.0000291373	0.1557069964
-34.1666666667	-22.0408163265	-0.0001447316	0.1538721241
-34.3750000000	-22.0408163265	-0.0000490125	0.1548323081
-34.5833333333	-22.0408163265	-0.0000199307	0.1513072489
-34.7916666667	-22.0408163265	0.0000204200	0.1487489503
-35.0000000000	-22.0408163265	0.0000229487	0.1491764295
-35.0000000000	-21.8367346939	0.0000008513	0.1495249894
-34.7916666667	-21.8367346939	-0.0001664476	0.1488344461
-34.5833333333	-21.8367346939	-0.0000682556	0.1506956248
-34.3750000000	-21.8367346939	-0.0000655691	0.1535235641
-34.1666666667	-21.8367346939	0.0000095127	0.1542996033
-33.9583333333	-21.8367346939	-0.0000610772	0.1574432196
-33.7500000000	-21.8367346939	-0.0001251202	0.1573116875
-33.5416666667	-21.8367346939	-0.0000030584	0.1576142113
-33.3333333333	-21.8367346939	-0.0000703141	0.1609025128
-33.1250000000	-21.8367346939	-0.0001821229	0.1633555858
-32.9166666667	-21.8367346939	-0.0001021087	0.1629872960
-32.7083333333	-21.8367346939	-0.0000233275	0.1627899979
-32.5000000000	-21.8367346939	-0.0000816456	0.1635857669
-32.2916666667	-21.8367346939	-0.0001735404	0.1653811796
-32.0833333333	-21.8367346939	-0.0000972880	0.1674001967
-31.8750000000	-21.8367346939	-0.0001246138	0.1850715294
-31.6666666667	-21.8367346939	-0.0000980147	0.1885308227
-31.4583333333	-21.8367346939	-0.0001144957	0.1445991137
-31.2500000000	-21.8367346939	-0.0006989419	0.1540562690
-31.0416666667	-21.8367346939	-0.0007225026	0.2474703408
-30.8333333333	-21.8367346939	-0.0009220564	0.2381710238
-30.6250000000	-21.8367346939	-0.0004159376	0.1348986241
-30.4166666667	-21.8367346939	-0.0001897320	0.1283549040
-30.2083333333	-21.8367346939	-0.0000690218	0.1736150867
-30.0000000000	-21.8367346939	0.0000424878	0.1806980883
-30.0000000000	-21.6326530612	-0.0000530801	0.1808296204
-30.2083333333	-21.6326530612	0.0000553451	0.1577260135
-30.4166666667	-21.6326530612	-0.0001015694	0.1142086308
-30.6250000000	-21.6326530612	-0.0005419321	0.1670056005
-30.8333333333	-21.6326530612	-0.0006974655	0.2587492154
-31.0416666667	-21.6326530612	-0.0008739223	0.2188358102
-31.2500000000	-21.6326530612	-0.0005078160	0.1375818782
-31.4583333333	-21.6326530612	-0.0001894328	0.1605342231
-31.6666666667	-21.6326530612	0.0000205417	0.1924307484
-31.8750000000	-21.6326530612	-0.0000714880	0.1760089703
-32.0833333333	-21.6326530612	-0.0000585814	0.1638093714
-32.2916666667	-21.6326530612	-0.0000333075	0.1675251522
-32.5000000000	-21.6326530612	-0.0000565624	0.1642960400
-32.7083333333	-21.6326530612	-0.0000547736	0.1648747811
-32.9166666667	-21.6326530612	0.0000207686	0.1643026166
-33.1250000000	-21.6326530612	-0.0000100560	0.1635726137
-33.3333333333	-21.6326530612	-0.0001044598	0.1631385579
-33.5416666667	-21.6326530612	0.0000284731	0.1593438579
-33.7500000000	-21.6326530612	0.0000281212	0.1564369993
-33.9583333333	-21.6326530612	0.0000522541	0.1555031217
-34.1666666667	-21.6326530612	0.0000059910	0.1552729405
-34.3750000000	-21.6326530612	-0.0001861116	0.1536748260
-34.5833333333	-21.6326530612	-0.0000623761	0.1527869846
-34.7916666667	-21.6326530612	-0.0000081619	0.1514979704
-35.0000000000	-21.6326530612	0.0001223804	0.1507942738
-35.0000000000	-21.4285714286	0.0000219129	0.1513467085
-34.7916666667	-21.4285714286	-0.0000751347	0.1526686057
-34.5833333333	-21.4285714286	-0.0000386675	0.1523529288
-34.3750000000	-21.4285714286	-0.0000356817	0.1556149239
-34.1666666667	-21.4285714286	-0.0000829313	0.1565619548
-33.9583333333	-21.4285714286	0.0000496366	0.1573379939
-33.7500000000	-21.4285714286	0.0000077666	0.1594162005
-33.5416666667	-21.4285714286	-0.0000473979	0.1589229553
-33.3333333333	-21.4285714286	-0.0000285888	0.1618561203
-33.1250000000	-21.4285714286	0.0000195190	0.1627439617
-32.9166666667	-21.4285714286	-0.0000248040	0.1621520674
-32.7083333333	-21.4285714286	-0.0000018878	0.1665189319
-32.5000000000	-21.4285714286	-0.0001515417	0.1648418981
-32.2916666667	-21.4285714286	-0.0000996753	0.1661835251
-32.0833333333	-21.4285714286	-0.0000723101	0.1678474057
-31.8750000000	-21.4285714286	-0.0001183890	0.1703136319
-31.6666666667	-21.4285714286	-0.0000840131	0.1873404575
-31.4583333333	-21.4285714286	-0.0000780284	0.1855253150
-31.2500000000	-21.4285714286	-0.0002932741	0.1414752272
-31.0416666667	-21.4285714286	-0.0007967228	0.1758642850
-30.8333333333	-21.4285714286	-0.0007429854	0.2546322617
-30.6250000000	-21.4285714286	-0.0009715750	0.2306079300
-30.4166666667	-21.4285714286	-0.0003976579	0.1302950020
-30.2083333333	-21.4285714286	-0.0001393125	0.1350761924
-30.0000000000	-21.4285714286	-0.0000764402	0.1789552885
-30.0000000000	-21.2244897959	-0.0000440932	0.1692482222
-30.2083333333	-21.2244897959	-0.0000716557	0.1242971399
-30.4166666667	-21.2244897959	-0.0003705952	0.1541549180
-30.6250000000	-21.2244897959	-0.0008141377	0.2582822766
-30.8333333333	-21.2244897959	-0.0008718145	0.2302922531
-31.0416666667	-21.2244897959	-0.0006866864	0.1498406664
-31.2500000000	-21.2244897959	-0.0000325151	0.1570486234
-31.4583333333	-21.2244897959	0.0000444312	0.1936342667
-31.6666666667	-21.2244897959	-0.0000888930	0.1808953864
-31.8750000000	-21.2244897959	0.0000077272	0.1666175810
-32.0833333333	-21.2244897959	0.0000900827	0.1670121771
-32.2916666667	-21.2244897959	-0.0001451131	0.1671502858
-32.5000000000	-21.2244897959	-0.0000577232	0.1673870435
-32.7083333333	-21.2244897959	-0.0000493775	0.1645327978
-32.9166666667	-21.2244897959	-0.0000141071	0.1632569367
-33.1250000000	-21.2244897959	-0.0000740660	0.1582455652
-33.3333333333	-21.2244897959	-0.0000150476	0.1567724061
-33.5416666667	-21.2244897959	-0.0000596304	0.1601988163
-33.7500000000	-21.2244897959	0.0000047907	0.1580548437
-33.9583333333	-21.2244897959	-0.0000784000	0.1581008799
-34.1666666667	-21.2244897959	-0.0000965186	0.1569565509
-34.3750000000	-21.2244897959	-0.0000353693	0.1555754643
-34.5833333333	-21.2244897959	0.0000083191	0.1528790570
-34.7916666667	-21.2244897959	-0.0000873245	0.1529185166
-35.0000000000	-21.2244897959	-0.0000507026	0.1504062542
-35.0000000000	-21.0204081633	-0.0000764829	0.1510770678
-34.7916666667	-21.0204081633	-0.0000742831	0.1511954466
-34.5833333333	-21.0204081633	-0.0001008032	0.1545560908
-34.3750000000	-21.0204081633	-0.0001747472	0.1549769934
-34.1666666667	-21.0204081633	-0.0001142063	0.1551677149
-33.9583333333	-21.0204081633	-0.0001394473	0.1565159185
-33.7500000000	-21.0204081633	-0.0001104971	0.1583770972
-33.5416666667	-21.0204081633	0.0000173948	0.1598371031
-33.3333333333	-21.0204081633	-0.0000177045	0.1612116132
-33.1250000000	-21.0204081633	-0.0001623865	0.1618495437
-32.9166666667	-21.0204081633	0.0000034590	0.1642763102
-32.7083333333	-21.0204081633	-0.0000577856	0.1666636172
-32.5000000000	-21.0204081633	-0.0001684995	0.1675777650
-32.2916666667	-21.0204081633	0.0000124656	0.1686497513
-32.0833333333	-21.0204081633	-0.0000608175	0.1697348908
-31.8750000000	-21.0204081633	-0.0000538890	0.1671239794
-31.6666666667	-21.0204081633	-0.0001152586	0.1724049917
-31.4583333333	-21.0204081633	-0.0000570524	0.1918059711
-31.2500000000	-21.0204081633	0.0000437538	0.1821054814
-31.0416666667	-21.0204081633	-0.0002062229	0.1420145087
-30.8333333333	-21.0204081633	-0.0009619863	0.1815925063
-30.6250000000	-21.0204081633	-0.0007990115	0.2655165402
-30.4166666667	-21.0204081633	-0.0008124771	0.2084316239
-30.2083333333	-21.0204081633	-0.0004638514	0.1222386632
-30.0000000000	-21.0204081633	-0.0000464476	0.1435994700
-30.0000000000	-20.8163265306	-0.0000335903	0.1295847288
-30.2083333333	-20.8163265306	-0.0002833368	0.1388051264
-30.4166666667	-20.8163265306	-0.0008606737	0.2374541740
-30.6250000000	-20.8163265306	-0.0007319236	0.2445437523
-30.8333333333	-20.8163265306	-0.0007133512	0.1533854555
-31.0416666667	-20.8163265306	-0.0002424369	0.1490580506
-31.2500000000	-20.8163265306	-0.0000345933	0.1900171350
-31.4583333333	-20.8163265306	-0.0000115423	0.1855910811
-31.6666666667	-20.8163265306	-0.0000929573	0.1690969603
-31.8750000000	-20.8163265306	-0.0001507525	0.1665583915
-32.0833333333	-20.8163265306	-0.0001486480	0.1681104699
-32.2916666667	-20.8163265306	-0.0001365043	0.1677947929
-32.5000000000	-20.8163265306	-0.0000634152	0.1666767704
-32.7083333333	-20.8163265306	-0.0001021383	0.1650523494
-32.9166666667	-20.8163265306	-0.0000279377	0.1624545912
-33.1250000000	-20.8163265306	-0.0000019799	0.1631451345
-33.3333333333	-20.8163265306	-0.0000374935	0.1616390924
-33.5416666667	-20.8163265306	-0.0000542211	0.1597450307
-33.7500000000	-20.8163265306	-0.0000930428	0.1597713371
-33.9583333333	-20.8163265306	-0.0000012532	0.1571998853
-34.1666666667	-20.8163265306	-0.0000841184	0.1548586146
-34.3750000000	-20.8163265306	0.0000192099	0.1564369993
-34.5833333333	-20.8163265306	0.0002016975	0.1544179821
-34.7916666667	-20.8163265306	-0.0000454677	0.1515111236
-35.0000000000	-20.8163265306	-0.0001392500	0.1517149983
-35.0000000000	-20.6122448980	-0.0000159552	0.1525699567
-34.7916666667	-20.6122448980	-0.0000737799	0.1522279733
-34.5833333333	-20.6122448980	-0.0000363657	0.1562791608
-34.3750000000	-20.6122448980	-0.0000215486	0.1564633057
-34.1666666667	-20.6122448980	-0.0000572299	0.1581271863
-33.9583333333	-20.6122448980	-0.0000721522	0.1593635877
-33.7500000000	-20.6122448980	-0.0001341433	0.1604158442
-33.5416666667	-20.6122448980	-0.0000124104	0.1632503601
-33.3333333333	-20.6122448980	-0.0000864794	0.1632503601
-33.1250000000	-20.6122448980	-0.0001047853	0.1653811796
-32.9166666667	-20.6122448980	0.0000139388	0.1660125335
-32.7083333333	-20.6122448980	-0.0001085768	0.1658941546
-32.5000000000	-20.6122448980	0.0000287164	0.1706687685
-32.2916666667	-20.6122448980	0.0000331786	0.1704846236
-32.0833333333	-20.6122448980	-0.0001437714	0.1718065208
-31.8750000000	-20.6122448980	-0.0001226408	0.1704846236
-31.6666666667	-20.6122448980	0.0000506527	0.1707542643
-31.4583333333	-20.6122448980	-0.0000435539	0.1788237564
-31.2500000000	-20.6122448980	-0.0000973604	0.1946273338
-31.0416666667	-20.6122448980	-0.0001159228	0.1740359893
-30.8333333333	-20.6122448980	-0.0003266010	0.1416330657
-30.6250000000	-20.6122448980	-0.0009286166	0.2036635866
-30.4166666667	-20.6122448980	-0.0007863187	0.2681997943
-30.2083333333	-20.6122448980	-0.0007057717	0.1871365828
-30.0000000000	-20.6122448980	-0.0001691242	0.1188254062
-30.0000000000	-20.4081632653	-0.0002605456	0.1316037460
-30.2083333333	-20.4081632653	-0.0009742418	0.2304040553
-30.4166666667	-20.4081632653	-0.0009901966	0.2628595925
-30.6250000000	-20.4081632653	-0.0008843659	0.1676698375
-30.8333333333	-20.4081632653	-0.0002273140	0.1496828279
-31.0416666667	-20.4081632653	0.0000342999	0.1881756861
-31.2500000000	-20.4081632653	-0.0000083460	0.1906550655
-31.4583333333	-20.4081632653	-0.0000438137	0.1725496770
-31.6666666667	-20.4081632653	-0.0001263862	0.1699453421
-31.8750000000	-20.4081632653	-0.0000343992	0.1713527352
-32.0833333333	-20.4081632653	-0.0001155710	0.1694389437
-32.2916666667	-20.4081632653	-0.0000672395	0.1667425364
-32.5000000000	-20.4081632653	-0.0001206382	0.1668806451
-32.7083333333	-20.4081632653	-0.0001069162	0.1633227028
-32.9166666667	-20.4081632653	-0.0001537712	0.1634213518
-33.1250000000	-20.4081632653	-0.0000054655	0.1618955799
-33.3333333333	-20.4081632653	-0.0001240482	0.1638488310
-33.5416666667	-20.4081632653	-0.0000058469	0.1615141369
-33.7500000000	-20.4081632653	-0.0000231401	0.1590544873
-33.9583333333	-20.4081632653	-0.0000280923	0.1582324120
-34.1666666667	-20.4081632653	-0.0000134429	0.1581337629
-34.3750000000	-20.4081632653	-0.0000449448	0.1564041163
-34.5833333333	-20.4081632653	-0.0000386346	0.1560555563
-34.7916666667	-20.4081632653	0.0000371410	0.1550427594
-35.0000000000	-20.4081632653	-0.0000379309	0.1510967976
-35.0000000000	-20.2040816327	0.0000982508	0.1521095944
-34.7916666667	-20.2040816327	0.0000108609	0.1547139293
-34.5833333333	-20.2040816327	-0.0000995405	0.1571933087
-34.3750000000	-20.2040816327	-0.0001891204	0.1555425813
-34.1666666667	-20.2040816327	-0.0000920826	0.1574497962
-33.9583333333	-20.2040816327	-0.0000579862	0.1589492617
-33.7500000000	-20.2040816327	-0.0000739970	0.1601198971
-33.5416666667	-20.2040816327	-0.0000441885	0.1627768447
-33.3333333333	-20.2040816327	-0.0000418900	0.1628360341
-33.1250000000	-20.2040816327	-0.0000874790	0.1633095496
-32.9166666667	-20.2040816327	-0.0001910112	0.1639145971
-32.7083333333	-20.2040816327	-0.0001058705	0.1651246920
-32.5000000000	-20.2040816327	-0.0000792155	0.1665715447
-32.2916666667	-20.2040816327	-0.0001537120	0.1709910220
-32.0833333333	-20.2040816327	-0.0000431823	0.1704122810
-31.8750000000	-20.2040816327	-0.0000665720	0.1725299472
-31.6666666667	-20.2040816327	-0.0002081695	0.1736348165
-31.4583333333	-20.2040816327	-0.0001462344	0.1725825600
-31.2500000000	-20.2040816327	-0.0001385858	0.1805928627
-31.0416666667	-20.2040816327	-0.0000304270	0.1963175208
-30.8333333333	-20.2040816327	-0.0001248736	0.1734243652
-30.6250000000	-20.2040816327	-0.0003554197	0.1458552449
-30.4166666667	-20.2040816327	-0.0009474125	0.2243075441
-30.2083333333	-20.2040816327	-0.0009018400	0.2647996904
-30.0000000000	-20.2040816327	-0.0008044832	0.1675185756
-30.0000000000	-20.0000000000	-0.0009067297	0.2107597415
-30.2083333333	-20.0000000000	-0.0009208200	0.2698834048
-30.4166666667	-20.0000000000	-0.0010288769	0.1884847865
-30.6250000000	-20.0000000000	-0.0003824396	0.1468877716
-30.8333333333	-20.0000000000	-0.0000941576	0.1896422686
-31.0416666667	-20.0000000000	-0.0001901431	0.1961728356
-31.2500000000	-20.0000000000	-0.0000039496	0.1763312238
-31.4583333333	-20.0000000000	-0.0000451947	0.1710107519
-31.6666666667	-20.0000000000	-0.0001079849	0.1729968860
-31.8750000000	-20.0000000000	-0.0000188357	0.1708266070
-32.0833333333	-20.0000000000	-0.0001069753	0.1697611973
-32.2916666667	-20.0000000000	-0.0000839803	0.1698664229
-32.5000000000	-20.0000000000	-0.0000938813	0.1679131718
-32.7083333333	-20.0000000000	-0.0000643853	0.1688075898
-32.9166666667	-20.0000000000	0.0000682681	0.1657034331
-33.1250000000	-20.0000000000	-0.0000228277	0.1641973910
-33.3333333333	-20.0000000000	-0.0001679010	0.1642434272
-33.5416666667	-20.0000000000	-0.0000449876	0.1622112569
-33.7500000000	-20.0000000000	-0.0000527973	0.1620402652
-33.9583333333	-20.0000000000	-0.0000846938	0.1593307047
-34.1666666667	-20.0000000000	-0.0000812641	0.1571735789
-34.3750000000	-20.0000000000	-0.0000153863	0.1566145676
-34.5833333333	-20.0000000000	0.0000573608	0.1561542054
-34.7916666667	-20.0000000000	0.0000017556	0.1548717678
-35.0000000000	-20.0000000000	-0.0000416697	0.1502747222
